1,17
2,2
3,2
4,1
5,covering set
6,1
7,covering set
8,2
9,5
10,1
11,16
12,1
13,1
14,2
15,2
16,3
17,covering set
18,1
19,covering set
20,4
21,1
22,1
23,6
24,1
25,1
26,6
27,16
28,1
29,covering set
30,3
31,covering set
32,18
33,1
34,1
35,8
36,1
37,3
38,2
39,22
40,1
41,covering set
42,1
43,covering set
44,2
45,3
46,1
47,2
48,2
49,1
50,20
51,2
52,1
53,covering set
54,1
55,covering set
56,4
57,1
58,5
59,6
60,1
61,1
62,26202
63,4
64,5
65,covering set
66,2
67,covering set
68,4
69,1
70,1
71,2
72,6
73,1
74,10
75,4
76,1
77,covering set
78,1
79,covering set
80,2
81,1
82,3
83,2
84,2
85,1
86,2
87,22
88,1
89,covering set
90,2
91,covering set
92,2
93,71
94,1
95,4
96,1
97,3
98,6
99,4
100,59
101,covering set
102,6
103,covering set
104,2
105,1
106,1
107,2
108,1
109,1
110,2
111,16
112,1
113,covering set
114,3
115,covering set
116,4
117,1
118,1
119,6
120,1
121,15
122,4
123,6
124,5
125,covering set
126,1
127,covering set
128,8
129,1
130,1
131,10
132,1
133,5
134,4
135,2
136,57
137,covering set
138,4
139,covering set
140,54
141,137
142,5
143,10
144,1
145,1
146,2
147,2
148,1
149,covering set
150,2
151,covering set
152,6
153,5
154,1
155,2
156,8
157,1
158,18
159,2
160,1
161,covering set
162,8
163,covering set
164,2
165,1
166,3
167,2
168,1
169,1
170,14
171,2
172,187
173,covering set
174,1
175,covering set
176,2
177,59
178,3
179,4
180,1
181,1
182,4
183,2
184,11
185,covering set
186,1
187,covering set
188,14
189,1
190,1
191,2
192,1
193,1
194,2
195,8
196,1
197,covering set
198,2
199,covering set
200,12
201,NA
202,1
203,2
204,1
205,5
206,4
207,316
208,1
209,covering set
210,1
211,covering set
212,8
213,1
214,3
215,2
216,2
217,1
218,4
219,2
220,3
221,covering set
222,1
223,covering set
224,2
225,1
226,3
227,8
228,4
229,1
230,14
231,4
232,1
233,covering set
234,3
235,covering set
236,2
237,1
238,1
239,10
240,3
241,3
242,6
243,2384
244,1
245,covering set
246,1
247,covering set
248,4
249,3
250,1
251,2
252,2
253,5
254,6
255,2
256,1
257,covering set
258,1
259,covering set
260,4
261,3
262,9
263,18
264,1
265,3
266,70
267,4
268,5
269,covering set
270,1
271,covering set
272,2
273,17
274,7
275,6
276,1
277,1
278,2
279,2
280,1
281,covering set
282,3
283,covering set
284,186
285,1
286,5
287,4
288,1
289,5
290,2
291,18
292,3
293,covering set
294,2
295,covering set
296,12
297,15
298,3
299,2
300,1
301,1
302,2
303,8
304,1
305,covering set
306,1
307,covering set
308,444
309,1
310,3
311,8
312,3
313,1
314,2
315,6
316,5
317,covering set
318,3
319,covering set
320,4
321,1
322,1
323,2
324,11
325,1
326,6
327,6
328,1
329,covering set
330,2
331,covering set
332,8
333,1
334,1
335,4
336,1
337,7
338,2
339,2
340,1
341,covering set
342,1
343,covering set
344,4
345,11
346,1
347,6
348,5
349,3
350,2
351,4
352,17
353,covering set
354,3
355,covering set
356,4
357,31
358,11
359,12
360,29
361,1
362,2
363,2
364,1
365,covering set
366,3
367,covering set
368,18
369,1
370,9
371,20
372,1
373,3
374,10
375,28
376,1
377,covering set
378,1
379,covering set
380,2
381,1
382,1
383,4
384,9
385,7
386,2
387,6
388,43
389,covering set
390,1
391,covering set
392,2
393,1
394,3
395,4
396,6
397,9
398,2
399,8
400,11
401,covering set
402,1
403,covering set
404,2
405,3
406,53
407,2
408,2
409,3
410,40
411,2
412,3
413,covering set
414,2
415,covering set
416,2
417,1
418,1
419,2
420,8
421,1
422,2
423,4
424,1
425,covering set
426,1
427,covering set
428,2
429,21
430,1
431,6
432,1
433,1
434,6
435,2
436,513
437,covering set
438,1
439,covering set
440,2
441,5
442,1
443,2
444,3
445,1
446,6
447,2
448,69
449,covering set
450,2
451,covering set
452,10
453,3
454,1
455,2
456,4
457,23
458,6
459,24
460,1
461,covering set
462,1
463,covering set
464,78
465,1
466,7
467,34
468,1
469,1
470,4
471,1734
472,3
473,covering set
474,3
475,covering set
476,2
477,11
478,3
479,2
480,1
481,5
482,2
483,2
484,1
485,covering set
486,1
487,covering set
488,6
489,1
490,3
491,8
492,6
493,1
494,60
495,2
496,1
497,covering set
498,1
499,covering set
500,6
501,3
502,1
503,2
504,3
505,1
506,8
507,4
508,3
509,covering set
510,3
511,covering set
512,4
513,27
514,1
515,4
516,2
517,1
518,78
519,8
520,17
521,covering set
522,1
523,covering set
524,12
525,1
526,11
527,2
528,1
529,1
530,6
531,4
532,1
533,covering set
534,2
535,covering set
536,192
537,1
538,11
539,2
540,1
541,5
542,2
543,4
544,7
545,covering set
546,1
547,covering set
548,24
549,1
550,19
551,4
552,2
553,1
554,2
555,2
556,1
557,covering set
558,3
559,covering set
560,2
561,1
562,3
563,2
564,1
565,5
566,2
567,2
568,1
569,covering set
570,1
571,covering set
572,4
573,9
574,9
575,38
576,9
577,23
578,4
579,8
580,1
581,covering set
582,4
583,covering set
584,2
585,1
586,1
587,8
588,2
589,7
590,2
591,2
592,15
593,covering set
594,3
595,covering set
596,2
597,3
598,1
599,4
600,1
601,1
602,14
603,4
604,5
605,covering set
606,4
607,covering set
608,10
609,7
610,1
611,2
612,2
613,1
614,2
615,98
616,3
617,covering set
618,3
619,covering set
620,18
621,1
622,1
623,2
624,1
625,3
626,2
627,208
628,1
629,covering set
630,14
631,covering set
632,2
633,21
634,15
635,16
636,1
637,15
638,4
639,20
640,1
641,covering set
642,2
643,covering set
644,10
645,1
646,129
647,1054
648,1
649,5
650,2
651,2
652,13
653,covering set
654,1
655,covering set
656,16
657,1
658,1
659,2
660,6
661,1
662,4
663,2
664,3
665,covering set
666,4
667,covering set
668,4
669,9
670,1
671,732
672,3
673,1
674,2
675,4
676,1
677,covering set
678,1
679,covering set
680,2
681,3
682,26201
683,34
684,1
685,1
686,6
687,194
688,3
689,covering set
690,1
691,covering set
692,16
693,3
694,31
695,234
696,1
697,1
698,2
699,64
700,1
701,covering set
702,17
703,covering set
704,4
705,1
706,1
707,2
708,2
709,119
710,2
711,36
712,17
713,covering set
714,1
715,covering set
716,2
717,1
718,3
719,2
720,1
721,7
722,4
723,164
724,1
725,covering set
726,1
727,covering set
728,76
729,83
730,21
731,4
732,6
733,3
734,2
735,24
736,1
737,covering set
738,1
739,covering set
740,4
741,3
742,1
743,28
744,2
745,3
746,82
747,4
748,3
749,covering set
750,2
751,covering set
752,16
753,3
754,1
755,2
756,1
757,5
758,14
759,4
760,3
761,covering set
762,4
763,covering set
764,4
765,63
766,3
767,24
768,1
769,1
770,2
771,4
772,5
773,covering set
774,1
775,covering set
776,14
777,1
778,37
779,2
780,2
781,1
782,2
783,4
784,1
785,covering set
786,3
787,covering set
788,6
789,1
790,1
791,52
792,5
793,3
794,6
795,6
796,9
797,covering set
798,2
799,covering set
800,2
801,1
802,1
803,10
804,2
805,3
806,20
807,2
808,1
809,covering set
810,2
811,covering set
812,2
813,13
814,9
815,2
816,3
817,1
818,4
819,2
820,37
821,covering set
822,1
823,covering set
824,54
825,3
826,3
827,2
828,15
829,9
830,4
831,56
832,1
833,covering set
834,1
835,covering set
836,2
837,1
838,11
839,4
840,1
841,5
842,8
843,2
844,1
845,covering set
846,1
847,covering set
848,2
849,27
850,1
851,NA
852,1
853,1
854,2
855,NA
856,2105
857,covering set
858,1
859,covering set
860,2
861,1
862,covering set
863,56
864,2
865,13
866,10
867,2
868,1
869,covering set
870,2
871,covering set
872,2680
873,1
874,1
875,2
876,4
877,5
878,12
879,34
880,1
881,covering set
882,2
883,covering set
884,2
885,919
886,1
887,4
888,1
889,1
890,44
891,2
892,1
893,covering set
894,1
895,covering set
896,2
897,1
898,3
899,20
900,27
901,1
902,2
903,2
904,covering set
905,covering set
906,1
907,covering set
908,8
909,1
910,1
911,22
912,11
913,1
914,156
915,14
916,3
917,covering set
918,4
919,covering set
920,140
921,1
922,1
923,34
924,1
925,1
926,2
927,4
928,3
929,covering set
930,3
931,covering set
932,2
933,3
934,1
935,4068
936,2
937,1
938,2
939,2
940,5
941,covering set
942,6
943,covering set
944,6
945,1
946,1
947,32
948,1
949,3
950,68
951,34
952,21
953,covering set
954,5
955,covering set
956,6
957,21
958,5
959,10
960,1
961,covering set
962,4
963,22
964,3
965,covering set
966,4
967,covering set
968,2
969,3
970,2593
971,6
972,1
973,1
974,8
975,12
976,17
977,covering set
978,4
979,covering set
980,4
981,2503
982,5
983,2
984,15
985,1
986,12
987,376
988,1
989,covering set
990,1
991,covering set
992,4
993,5
994,19
995,14
996,2
997,1
998,12
999,58
1000,7
1001,covering set
1002,4
1003,covering set
1004,10
1005,1
1006,1
1007,2
1008,1
1009,5
1010,2
1011,102
1012,1
1013,covering set
1014,2
1015,covering set
1016,82
1017,69
1018,1
1019,6
1020,2
1021,1
1022,2
1023,70
1024,9
