1,3
2,1
3,1
4,1
5,4
6,3
7,1
8,1
9,1
10,2
11,1
12,1
13,2
14,1
15,1
16,1
17,1
18,2
19,1
20,1
21,2
22,1
23,1
24,1
25,1
26,1
27,1
28,1
29,98
30,2
31,2
32,4
33,1
34,17
35,1
36,1
37,2
38,1
39,1
40,1
41,1
42,1
43,10
44,2
45,covering set
46,1
47,98
48,3
49,1
50,1
51,1
52,1
53,2
54,2
55,1
56,3
57,3
58,1
59,1
60,1
61,36
62,1
63,1
64,2867
65,covering set
66,1
67,3
68,1
69,2
70,2
71,1
72,1
73,1
74,1
75,1
76,2
77,20
78,1
79,1
80,2
81,3
82,1
83,2
84,88
85,2
86,5
87,2
88,1
89,1
90,1
91,1
92,1
93,2
94,1
95,1
96,2
97,1
98,6
99,1
100,1
101,144
102,1
103,17
104,2
105,3
106,2
107,1
108,1
109,48
110,1
111,1
112,1
113,1
114,1
115,2
116,1
117,2
118,1
119,1
120,2
121,1
122,3
123,1
124,4
125,2
126,2
127,3
128,1
129,1
130,1
131,222
132,2
133,covering set
134,2
135,7
136,1
137,1
138,1
139,1
140,1
141,2
142,48
143,2
144,1
145,1
146,1
147,1
148,2
149,2
150,3
151,1
152,1
153,covering set
154,103
155,1
156,2
157,10
158,2
159,1
160,1
161,3
162,4
163,3
164,4
165,2
166,31
167,1
168,1
169,1
170,3
171,1
172,6
173,2
174,2
175,6
176,1
177,1
178,2
179,1
180,1
181,68
182,1
183,2
184,1
185,1
186,4
187,2
188,1
189,4
190,1
191,1
192,3
193,1
194,1
195,4
196,1
197,6
198,1
199,1
200,8
201,1
202,1
203,1
204,1
205,6
206,2
207,4
208,4
209,1
210,1
211,1
212,1
213,4
214,1
215,2
216,1
217,3
218,2
219,6
220,3
221,covering set
222,5
223,1
224,1
225,1
226,3
227,1
228,1
229,2
230,2
231,3
232,1
233,1
234,3
235,1
236,1
237,4
238,3
239,3
240,1
241,covering set
242,1
243,1
244,2
245,2
246,1
247,1
248,2
249,1
250,7
251,2
252,4
253,2
254,1
255,1
256,3
257,5
258,1
259,1
260,2
261,18
262,1
263,2
264,2
265,79
266,1
267,1
268,4
269,4
270,1
271,1
272,1
273,1
274,2
275,1
276,9
277,2
278,2
279,2
280,1
281,65
282,4
283,1
284,2
285,40
286,1
287,3
288,1
289,3
290,1
291,14
292,1
293,2
294,1
295,5
296,2
297,1
298,1
299,2
300,1
301,2
302,6
303,1
304,3
305,1
306,10
307,430
308,3
309,covering set
310,2
311,1
312,1
313,5
314,3
315,1
316,1
317,2
318,2
319,12
320,1
321,1
322,1
323,1
324,1
325,2
326,2
327,1
328,3
329,covering set
330,3
331,7
332,1
333,2
334,1
335,1
336,4
337,5
338,2
339,1
340,2
341,442
342,23
343,4
344,2
345,1
346,1
347,1
348,1
349,4
350,1
351,16
352,2
353,83
354,1
355,1
356,7
357,2
358,1
359,1
360,1
361,1
362,20
363,3
364,1
365,2
366,5
367,1
368,1
369,3
370,2
371,2
372,2
373,128
374,1
375,3
376,1
377,1
378,1
379,5
380,4
381,28
382,3
383,1
384,2
385,65
386,1
387,2
388,1
389,4
390,3
391,1
392,1
393,1
394,1
395,24
396,1
397,covering set
398,4
399,6
400,11
401,1
402,3
403,1
404,3
405,2
406,2
407,1
408,7
409,7
410,1
411,1
412,6
413,2
414,1
415,1
416,1
417,covering set
418,2
419,11
420,1
421,2
422,1
423,1
424,8
425,9
426,1
427,1
428,4
429,2
430,1
431,3
432,3
433,1
434,11
435,1
436,1
437,2
438,8
439,2
440,1
441,1
442,1
443,1
444,1
445,10
446,1
447,2
448,2
449,1
450,34
451,1
452,1
453,2
454,1
455,3
456,3
457,1
458,7
459,2
460,2
461,4
462,7
463,1
464,1
465,1
466,7
467,1
468,4
469,54
470,2
471,2
472,8
473,763
474,11
475,1
476,1
477,146
478,1
479,2
480,1
481,17
482,2
483,2
484,1
485,covering set
486,3
487,1
488,1
489,covering set
490,1
491,1
492,1
493,8
494,978
495,1
496,1
497,1
498,1
499,6
500,1
501,2
502,4
503,1
504,4
505,covering set
506,4
507,1
508,1
509,24
510,1
511,14
512,4
513,1
514,5
515,1
516,6
517,2
518,5
519,1
520,4
521,1
522,3
523,2
524,1
525,2
526,21
527,10
528,1
529,1
530,3
531,2
532,1
533,2
534,1
535,3
536,1
537,1
538,2
539,1
540,3
541,4
542,5
543,1
544,1
545,1
546,1
547,1
548,2
549,2
550,1
551,7
552,2
553,1
554,1
555,1
556,3
557,2
558,1
559,1
560,covering set
561,3
562,1
563,5
564,2
565,6
566,1
567,1
568,1
569,3
570,1
571,40
572,1
573,covering set
574,2
575,1
576,3
577,3
578,11
579,1
580,12
581,4
582,2
583,1
584,1
585,107
586,3
587,1
588,1
589,2
590,2
591,4
592,2
593,covering set
594,1
595,1
596,1
597,16
598,4
599,6
600,2
601,1
602,1
603,2
604,10
605,2
606,NA
607,1
608,20
609,97
610,1
611,1
612,2
613,NA
614,1
615,2
616,2
617,7
618,2
619,16
620,4
621,2
622,2
623,4
624,1
625,3
626,2
627,3
628,1
629,4
630,1
631,2
632,4
633,1
634,1
635,5
636,1
637,2
638,1
639,1
640,2
641,1
642,2
643,7
644,1
645,16
646,1
647,1
648,2
649,1
650,1
651,1
652,1
653,2
654,2
655,2
656,2
657,1
658,6
659,4
660,1
661,covering set
662,1
663,1
664,21
665,1
666,1
667,2
668,3
669,2
670,44
671,1
672,3
673,1
674,1
675,3
676,1023
677,6
678,5
679,1
680,15
681,covering set
682,1
683,17
684,2
685,2
686,3
687,1
688,1
689,1
690,1
691,1
692,84
693,2
694,7
695,1
696,12
697,1
698,1
699,10
700,1
701,12
702,1
703,14
704,1
705,1
706,14
707,2
708,1
709,2
710,2
711,1
712,1
713,303
714,16
715,1
716,21
717,32
718,1
719,1
720,4
721,1
722,1
723,1
724,5
725,4
726,1
727,7
728,1
729,7
730,1
731,2
732,10
733,2728
734,1
735,1
736,6
737,5
738,1
739,1
740,4
741,2
742,1
743,4
744,2
745,1
746,50
747,16
748,2
749,covering set
750,1
751,2
752,1
753,5
754,2
755,1
756,312
757,2
758,4
759,3
760,1
761,3
762,1
763,1
764,4
765,4
766,1
767,1
768,1
769,covering set
770,7
771,1
772,2
773,2
774,1
775,2
776,1
777,1
778,6
779,1
780,28
781,covering set
782,1
783,1
784,19
785,3
786,1
787,1
788,1
789,4
790,2
791,2
792,1
793,3
794,1
795,16
796,1
797,2
798,3
799,1
800,26
801,81
802,2
803,1
804,1
805,252
806,2
807,2
808,2
809,19
810,16
811,36
812,4
813,2
814,1
815,321
816,2
817,1
818,8
819,1
820,30
821,36
822,4
823,1
824,8
825,9
826,1
827,2
828,1
829,2
830,2
831,3
832,1
833,1
834,5
835,2
836,1
837,covering set
838,1
839,2
840,2
841,1
842,1
843,3
844,4
845,4
846,18
847,1
848,1
849,1
850,2
851,1
852,1
853,16
854,5
855,2
856,3
857,covering set
858,3
859,3
860,1
861,314
862,2
863,16
864,1
865,25
866,1
867,1
868,866
869,4
870,1
871,6
872,1
873,1
874,1
875,1
876,2
877,54
878,2
879,12
880,11
881,3
882,1
883,3
884,3
885,2
886,4
887,16
888,14
889,NA
890,2
891,1
892,1
893,2
894,1
895,1
896,3
897,43
898,3
899,1
900,1
901,2
902,19
903,9
904,5
905,1
906,3
907,5
908,4
909,4
910,2
911,1
912,6
913,1
914,7
915,2
916,1
917,4
918,2
919,1
920,1
921,1
922,61
923,22
924,1
925,covering set
926,1
927,1
928,12
929,1
930,3
931,2
932,1
933,10
934,20
935,1
936,1
937,1
938,1
939,1
940,1
941,2
942,4
943,1
944,4
945,covering set
946,2
947,NA
948,59
949,20
950,1
951,1
952,1
953,1
954,6
955,3
956,2
957,2
958,1
959,1
960,4
961,1
962,1
963,1
964,2
965,2
966,1
967,2
968,1
969,1
970,1
971,1
972,1
973,2
974,4
975,2
976,1
977,5
978,2
979,3
980,3
981,134
982,2
983,1
984,1
985,1
986,4
987,97
988,1
989,2
990,1
991,1
992,2
993,7
994,1
995,3
996,5
997,2
998,3
999,2
1000,76
1001,1
1002,9
1003,1
1004,2
1005,30
1006,2
1007,2
1008,2
1009,1
1010,3
1011,46
1012,3
1013,covering set
1014,2
1015,1
1016,2
1017,3
1018,1
1019,19
1020,1
1021,10
1022,6
1023,6
1024,1
