1,3
2,1
3,1
4,partial algebra factors
5,2
6,partial algebra factors
7,1
8,1
9,partial algebra factors
10,1
11,1
12,2
13,1
14,8
15,1
16,1
17,2
18,1
19,16
20,1
21,1
22,2
23,12
24,2
25,1
26,5
27,1
28,2
29,2
30,1
31,1
32,3
33,9
34,2
35,1
36,1
37,1
38,1
39,16
40,2
41,1
42,3
43,1
44,2
45,2
46,1
47,5
48,1
49,partial algebra factors
50,3
51,1
52,3
53,18
54,4
55,1
56,3
57,1
58,3
59,4
60,1
61,5
62,1
63,1
64,partial algebra factors
65,1
66,1
67,1
68,3
69,3896
70,1
71,9
72,3
73,4
74,102
75,3
76,1
77,1
78,1
79,2
80,3
81,9
82,8
83,2
84,2
85,1
86,1
87,1
88,1
89,2
90,2
91,5
92,1
93,1
94,34
95,9
96,partial algebra factors
97,2
98,1
99,662
100,1
101,1
102,1
103,14
104,12
105,4
106,1
107,2
108,1
109,4
110,3
111,1
112,1
113,1
114,116
115,2
116,7
117,2
118,2
119,2
120,1
121,1
122,1
123,5
124,4
125,1
126,1
127,4
128,2
129,4
130,1
131,21
132,1
133,1
134,4
135,3
136,7
137,3
138,5
139,6
140,1
141,9
142,1
143,3
144,partial algebra factors
145,3
146,5
147,1
148,2
149,30
150,2
151,1
152,3
153,1
154,6
155,1
156,117
157,1
158,15
159,2
160,5
161,1
162,2
163,1
164,2
165,3
166,3
167,1
168,3
169,partial algebra factors
170,1
171,3
172,1
173,14
174,8
175,2
176,13
177,12
178,1
179,6
180,3
181,41
182,2
183,1
184,2
185,1
186,1
187,22
188,2
189,2
190,23
191,1
192,4
193,4
194,62
195,1
196,1
197,16
198,1
199,6
200,1
201,NA
202,2
203,1
204,2
205,1
206,1
207,1
208,2
209,2
210,1
211,5
212,1
213,4
214,34
215,3
216,partial algebra factors
217,2
218,1
219,2
220,1
221,1
222,3
223,1
224,2
225,1
226,13
227,330
228,1
229,6
230,1
231,1
232,2
233,1
234,8
235,1
236,71
237,2
238,1
239,4
240,2
241,1
242,1
243,2
244,8
245,1
246,1
247,1
248,16
249,10
250,2
251,5
252,1
253,3
254,2
255,6
256,1
257,15
258,5
259,2
260,2
261,1
262,1
263,1
264,2
265,1
266,5
267,3
268,6
269,2
270,3
271,9
272,2
273,1
274,2
275,1
276,3
277,7
278,20
279,10
280,1
281,167
282,8
283,1
284,30
285,3
286,1
287,2
288,1
289,partial algebra factors
290,1
291,1
292,6
293,5
294,2
295,1
296,1
297,1
298,1
299,2
300,1
301,3
302,1
303,2
304,2
305,35
306,23
307,4
308,7
309,4
310,2
311,25
312,1
313,2
314,8
315,1
316,1
317,1
318,2
319,40
320,4
321,1
322,1
323,1
324,partial algebra factors
325,19
326,1
327,2
328,2
329,4
330,1
331,15
332,2
333,4
334,2
335,1
336,7
337,1
338,1
339,NA
340,4
341,3
342,2
343,1
344,4
345,2
346,957
347,9
348,8
349,4
350,2
351,1
352,1
353,3
354,4
355,3
356,1
357,3
358,4
359,2
360,3
361,1
362,2
363,4
364,15014
365,8
366,1
367,1
368,1
369,2
370,2
371,25
372,8
373,1
374,52
375,1
376,3
377,4
378,2
379,212
380,17
381,25
382,5
383,3
384,12
385,1
386,5
387,216
388,1
389,NA
390,38
391,5
392,1
393,1
394,2
395,1
396,3
397,15
398,1
399,10
400,19
401,1
402,2
403,5
404,28
405,1
406,1
407,1
408,1
409,40
410,1
411,107
412,1
413,7
414,2
415,1
416,9
417,1
418,8
419,2
420,1
421,1
422,12
423,1
424,4
425,5
426,1
427,1
428,1
429,18
430,4
431,1
432,6
433,1
434,14
435,4
436,1
437,1
438,1
439,6
440,1
441,3
442,1
443,1
444,2
445,3
446,533
447,18
448,8
449,2
450,1
451,9
452,1
453,4
454,16
455,2
456,15
457,15
458,4
459,4
460,2
461,NA
462,1
463,2
464,204
465,1
466,33
467,5
468,4
469,2
470,1
471,267
472,7
473,1
474,8
475,1
476,1
477,1
478,1
479,4
480,1
481,485
482,53
483,2
484,partial algebra factors
485,6
486,partial algebra factors
487,18
488,4
489,2
490,2
491,1
492,1
493,1
494,72
495,2
496,1
497,1
498,7
499,702
500,8
501,15
502,2
503,1
504,68
505,1
506,1
507,2
508,3
509,4
510,1
511,1
512,2
513,5
514,4
515,11
516,23
517,5
518,4
519,2
520,1
521,1
522,1
523,2
524,4
525,2
526,27
527,1
528,1
529,partial algebra factors
530,6
531,1
532,2
533,1
534,2
535,9
536,21
537,2
538,1
539,2
540,1
541,1
542,1
543,10
544,2
545,5
546,1
547,1
548,1
549,2
550,5
551,11
552,11
553,1
554,280
555,2
556,3
557,1
558,4
559,2
560,2
561,1
562,1
563,3
564,6
565,2
566,5
567,5
568,27
569,8
570,1
571,3
572,2
573,1
574,2
575,1
576,1
577,4
578,125
579,2
580,10
581,39
582,1
583,2
584,32
585,4
586,23
587,1
588,2
589,2
590,1
591,3
592,1
593,4
594,2
595,24
596,1
597,1
598,3
599,4
600,2
601,1
602,1
603,209
604,18
605,1
606,1
607,11
608,1
609,2
610,1
611,205
612,2
613,4
614,148
615,1
616,1
617,5
618,1
619,44
620,1
621,11
622,5
623,1
624,4
625,49
626,7
627,5
628,2
629,2
630,6
631,13
632,2
633,2
634,150
635,2
636,1
637,1
638,29
639,6
640,1
641,1
642,2
643,4
644,12
645,1
646,19
647,1
648,1
649,2
650,2
651,3
652,1
653,1
654,4
655,7
656,9
657,1
658,1
659,32
660,6
661,31
662,1
663,6
664,2
665,1
666,5
667,1
668,2
669,6
670,3
671,1
672,1
673,11
674,38
675,3
676,1
677,8
678,2
679,2
680,1
681,13
682,2
683,4
684,8
685,7
686,5
687,1
688,3
689,4
690,3
691,47
692,1
693,1
694,364
695,27
696,1
697,17
698,8
699,4
700,4
701,1
702,7
703,1
704,6
705,6
706,1
707,4
708,2
709,42
710,2
711,17
712,5
713,2
714,2
715,1
716,1
717,1
718,1
719,6
720,11
721,3
722,1
723,1
724,2
725,3
726,partial algebra factors
727,2
728,1
729,partial algebra factors
730,1
731,93
732,4
733,5
734,8
735,16
736,9
737,1
738,6
739,4
740,21
741,1
742,1
743,2
744,126
745,2
746,1
747,4
748,2
749,2
750,10
751,3
752,1
753,4
754,2
755,1
756,1
757,3
758,1
759,24
760,4
761,35
762,1
763,1
764,20
765,3
766,39
767,5
768,2
769,8
770,4
771,1
772,2
773,9
774,12
775,2
776,5
777,6
778,1
779,2
780,1
781,1
782,2
783,2
784,partial algebra factors
785,1
786,5
787,2
788,1
789,22
790,1
791,3
792,8
793,1
794,14
795,1
796,3
797,4
798,2
799,14
800,8
801,37
802,3
803,10
804,2
805,1
806,5
807,5
808,1
809,12
810,14
811,1
812,3
813,11
814,1512
815,1
816,1
817,15
818,5
819,4
820,2
821,15
822,1
823,1
824,16
825,5
826,9
827,2
828,8
829,186
830,1
831,29
832,2
833,1
834,2
835,2
836,1
837,4
838,2
839,4
840,2
841,1
842,9
843,1
844,4
845,5
846,17
847,1
848,4
849,32
850,1
851,3
852,4
853,2
854,6
855,3
856,1
857,12
858,4
859,2
860,1
861,1
862,2
863,3
864,2
865,1
866,9
867,1
868,4
869,4
870,1
871,1
872,3
873,2
874,2
875,3
876,1
877,3
878,2
879,28
880,12
881,1
882,6
883,1
884,12
885,3
886,7
887,4
888,2
889,30
890,7
891,1
892,1
893,3
894,100
895,2
896,1
897,3
898,1
899,2
900,1
901,51
902,1
903,63
904,2
905,6
906,255
907,1
908,2
909,10
910,1
911,1
912,9
913,1
914,6
915,4
916,17
917,2
918,1
919,2
920,1
921,3
922,2
923,8
924,4
925,23
926,21
927,1
928,1
929,2
930,2
931,1
932,1
933,1
934,196
935,7
936,15
937,2
938,1
939,2
940,2
941,457
942,4
943,3
944,60
945,1
946,29
947,1
948,1
949,100
950,20
951,13
952,2
953,1
954,2
955,3
956,1
957,2
958,12
959,10
960,1
961,1
962,1
963,25
964,4
965,1
966,3
967,1
968,2
969,42
970,1
971,3
972,1
973,2
974,14
975,1
976,NA
977,1
978,2
979,4
980,4
981,7
982,1
983,6
984,48
985,4
986,1
987,1
988,3
989,2
990,1
991,5
992,4
993,1
994,4
995,1
996,47
997,26
998,3
999,8
1000,7
1001,1
1002,2
1003,1
1004,204
1005,21
1006,3
1007,2
1008,2
1009,2
1010,1
1011,9
1012,5
1013,3
1014,2
1015,1
1016,19
1017,1
1018,2
1019,4
1020,2
1021,49
1022,1
1023,1
1024,partial algebra factors
