1,full algebra factors
2,2
3,1
4,full algebra factors
5,1
6,1
7,1
8,1
9,full algebra factors
10,1
11,1
12,2
13,2
14,1
15,4
16,full algebra factors
17,1
18,1
19,1
20,1
21,1
22,2
23,2
24,1
25,full algebra factors
26,2
27,1
28,1
29,1
30,2
31,2
32,4
33,1
34,1
35,2
36,full algebra factors
37,17
38,14
39,1
40,3
41,2
42,1
43,1
44,3
45,1
46,1
47,1
48,7
49,full algebra factors
50,1
51,2
52,1
53,1
54,2
55,1
56,1
57,10
58,26
59,3
60,1
61,1
62,1
63,1
64,full algebra factors
65,5
66,5
67,24
68,1
69,1
70,3
71,1
72,24
73,2
74,3
75,1
76,6
77,6
78,1
79,21
80,1
81,full algebra factors
82,1
83,3
84,1
85,5
86,1029
87,1
88,1
89,4
90,2
91,1
92,13
93,9
94,2
95,1
96,1
97,1
98,9
99,1
100,full algebra factors
101,1
102,1
103,2
104,6
105,covering set
106,1
107,3
108,1
109,1
110,1
111,2
112,2
113,1
114,2
115,1
116,16
117,15
118,1
119,1
120,1
121,full algebra factors
122,1
123,3
124,1
125,2
126,3
127,2
128,2
129,covering set
130,24
131,1
132,1
133,1
134,4
135,2
136,5
137,76
138,1
139,2
140,1
141,1
142,6
143,1
144,full algebra factors
145,1
146,2
147,3
148,5
149,3
150,13
151,16
152,2
153,2
154,1
155,2
156,2
157,3
158,4
159,1
160,9
161,1
162,1
163,2
164,1
165,1
166,2
167,1
168,2
169,full algebra factors
170,81
171,1
172,1
173,2
174,1
175,2
176,8
177,87
178,1
179,1
180,3
181,NA
182,1
183,1
184,2
185,14
186,1
187,16
188,2
189,1
190,1
191,3
192,1
193,3
194,6
195,1
196,full algebra factors
197,1
198,12
199,1
200,1
201,16
202,2
203,3
204,1
205,3
206,2
207,4
208,1
209,1
210,2
211,covering set
212,2
213,12
214,1
215,1
216,1
217,2
218,1
219,2
220,2
221,1
222,5
223,1
224,2
225,full algebra factors
226,8
227,1
228,3
229,2
230,1
231,1
232,1
233,8
234,1
235,NA
236,4
237,1
238,3
239,2
240,11
241,1
242,3
243,1
244,2
245,1
246,2
247,5
248,1
249,4
250,1
251,1
252,1
253,2
254,2
255,1
256,full algebra factors
257,3
258,1
259,16
260,2
261,3
262,2
263,3
264,1
265,54
266,3
267,2
268,237
269,3
270,4
271,1
272,24
273,1
274,83
275,3
276,1
277,1
278,1
279,2
280,1
281,8
282,11
283,6
284,21
285,2
286,1
287,3
288,2
289,full algebra factors
290,3
291,1
292,5
293,1
294,1
295,1
296,2
297,2
298,16
299,5
300,1
301,5
302,1
303,2
304,4
305,1
306,1
307,1
308,1
309,1
310,3
311,2
312,3
313,covering set
314,5
315,5
316,1
317,2
318,1
319,3
320,2
321,3
322,1
323,2
324,full algebra factors
325,1
326,3
327,96
328,5
329,2
330,2
331,3
332,4
333,1
334,8
335,3
336,4
337,covering set
338,20
339,7
340,1
341,1
342,14
343,1
344,1
345,2
346,3
347,1
348,1
349,1
350,2
351,4
352,11
353,1
354,1
355,2
356,2
357,5
358,13
359,59
360,1
361,full algebra factors
362,1
363,2
364,2
365,1
366,NA
367,3
368,1
369,1
370,1
371,1
372,2
373,2
374,1
375,3
376,12
377,2
378,73
379,1
380,3
381,1
382,3
383,1
384,2
385,1
386,1
387,2
388,2
389,4
390,1
391,17
392,4
393,2
394,NA
395,1
396,3
397,1
398,1
399,1
400,full algebra factors
401,5
402,14
403,3
404,1
405,1
406,4
407,1
408,8
409,2
410,7
411,2
412,1
413,7
414,19
415,2000
416,1
417,1
418,2
419,1
420,1
421,1
422,60
423,3
424,1
425,2
426,5
427,9
428,4852
429,6
430,1
431,1
432,1
433,5
434,8
435,1
436,2
437,1
438,1
439,6
440,23
441,full algebra factors
442,2
443,5
444,2
445,3
446,1
447,3
448,1
449,7
450,2
451,1
452,1
453,3
454,2
455,3
456,1
457,2280
458,2
459,1
460,1
461,2
462,1
463,11
464,2
465,1
466,7
467,10
468,1
469,1
470,2
471,35
472,3
473,18
474,2
475,1
476,3
477,2
478,8
479,1
480,100
481,3
482,1
483,1
484,full algebra factors
485,2
486,1
487,1
488,429
489,NA
490,21
491,2
492,3
493,NA
494,3
495,49
496,1
497,1
498,7
499,5
500,3
501,3
502,4
503,1
504,11
505,2
506,12
507,1
508,NA
509,1
510,2
511,1
512,1
513,3
514,1
515,7
516,1
517,2
518,9
519,10
520,3
521,covering set
522,1
523,1
524,1
525,2
526,2
527,17
528,2
529,full algebra factors
530,1
531,1
532,8
533,1
534,5
535,3
536,1
537,2
538,1
539,1
540,1
541,2213
542,5
543,13
544,3
545,covering set
546,1
547,NA
548,5
549,2
550,1
551,8
552,1
553,2
554,19
555,24
556,3
557,3
558,128
559,2
560,1
561,1
562,14
563,2
564,10
565,1152
566,1
567,9
568,1
569,2
570,1
571,3462
572,5
573,1
574,1
575,1
576,full algebra factors
577,1
578,1
579,1
580,2
581,1
582,1
583,6
584,154
585,4
586,5
587,2
588,1
589,2
590,8
591,2
592,1
593,3
594,2
595,2
596,11
597,2
598,17
599,1
600,4
601,24
602,3
603,1
604,20
605,2
606,1
607,5
608,1
609,3
610,10
611,8
612,1
613,1
614,1
615,1
616,3
617,46
618,2
619,1
620,45
621,1
622,4
623,2
624,2
625,full algebra factors
626,1
627,67
628,1
629,1
630,1
631,2
632,3
633,4
634,3
635,1
636,12
637,1
638,3487
639,2
640,1
641,1
642,4
643,11
644,5
645,10
646,6
647,1
648,3
649,2
650,1
651,37
652,83
653,2
654,1
655,1
656,2
657,1
658,1
659,1
660,5
661,14
662,7314
663,1
664,3
665,4
666,1
667,356
668,1
669,6
670,9
671,1
672,2
673,1
674,3
675,4
676,full algebra factors
677,1
678,2
679,2
680,10
681,6
682,1
683,1
684,1
685,1
686,5
687,50
688,2
689,1
690,NA
691,1
692,1
693,10
694,1
695,8
696,7
697,12
698,1
699,1
700,25
701,8
702,5
703,5
704,1
705,1
706,2
707,1
708,2
709,3
710,1
711,1
712,10
713,10
714,4
715,5
716,11
717,1
718,33
719,3
720,5
721,1
722,1
723,8
724,2
725,3
726,1
727,12
728,1
729,covering set
730,2
731,1
732,13
733,2
734,4
735,1
736,1
737,189
738,3
739,1
740,2
741,2
742,3
743,2
744,2
745,4
746,12
747,1
748,2
749,27
750,1
751,2
752,4
753,covering set
754,3
755,1
756,1
757,4
758,3
759,3
760,21
761,2
762,2
763,4
764,13
765,3
766,4
767,1
768,5
769,279
770,1
771,7
772,3
773,1
774,4
775,1
776,2
777,2
778,26
779,2
780,8
781,1
782,2
783,1
784,full algebra factors
785,5
786,8
787,8
788,1
789,1
790,4
791,1
792,4
793,NA
794,7
795,13
796,2
797,3
798,1
799,1
800,3
801,1
802,4
803,1
804,2
805,2
806,1
807,449
808,1
809,54
810,1
811,8
812,2
813,1
814,2
815,3
816,1
817,3
818,10
819,3
820,1
821,3
822,1
823,36
824,1
825,2
826,1
827,1
828,2
829,2
830,1
831,6
832,6
833,3
834,1
835,3
836,1
837,1
838,1
839,1
840,2
841,full algebra factors
842,2
843,2
844,52
845,1
846,1
847,1
848,2
849,3
850,3
851,7
852,NA
853,1
854,4
855,1
856,2
857,48
858,3
859,17
860,1
861,1
862,7
863,11
864,1
865,19
866,1
867,1
868,174
869,1
870,104
871,3
872,1
873,8
874,1
875,1
876,2
877,2
878,2
879,1
880,1
881,1
882,4
883,10
884,8
885,1
886,3
887,1
888,4
889,4
890,4
891,2
892,1
893,1
894,1
895,2
896,4
897,1
898,3
899,5
900,full algebra factors
901,1
902,1
903,1
904,2
905,6
906,3
907,1
908,1
909,2
910,1
911,11
912,9
913,3
914,3
915,1
916,6
917,2
918,19
919,5
920,14
921,46
922,14
923,4
924,1
925,16
926,5
927,1
928,4
929,1
930,3
931,2
932,2
933,21
934,6
935,780
936,1
937,covering set
938,7
939,19
940,5
941,1
942,1
943,1
944,1
945,1
946,1
947,2
948,10
949,6
950,13
951,1
952,1
953,2
954,15
955,7
956,1
957,1
958,2
959,1
960,2
961,covering set
962,1
963,1
964,5
965,3
966,2
967,2372
968,3
969,2
970,4
971,6
972,3
973,1
974,2
975,2
976,5
977,19
978,4
979,1
980,1
981,1
982,2
983,2
984,6
985,8
986,3
987,2
988,1
989,5
990,1
991,1
992,1
993,5
994,29
995,1
996,203
997,9
998,7
999,1
1000,2
1001,2
1002,457
1003,2
1004,3
1005,3
1006,3
1007,6
1008,4
1009,1
1010,2
1011,1
1012,12
1013,4
1014,1
1015,1
1016,10
1017,1476
1018,16
1019,31
1020,2
1021,9
1022,11
1023,2
1024,covering set
