1,full algebra factors
2,2
3,8
4,full algebra factors
5,1
6,1
7,3
8,2
9,full algebra factors
10,1
11,1
12,2
13,1
14,1
15,10
16,full algebra factors
17,2
18,1
19,1
20,1
21,2
22,1
23,9
24,1
25,full algebra factors
26,2
27,1
28,1
29,2
30,2
31,6
32,1
33,1
34,6
35,28
36,full algebra factors
37,5
38,5
39,3
40,1
41,1
42,224
43,2
44,3
45,1
46,4
47,228
48,9
49,full algebra factors
50,1
51,3
52,2
53,1
54,15
55,2
56,2
57,1
58,6
59,2
60,1
61,54
62,4
63,1
64,full algebra factors
65,24
66,14
67,1
68,87
69,1
70,18
71,5
72,5
73,1
74,319
75,17
76,1
77,8
78,13
79,2
80,1
81,full algebra factors
82,1
83,1
84,1
85,1
86,5
87,1
88,3
89,1
90,1
91,1
92,143
93,3
94,6
95,4
96,2
97,14
98,1
99,1
100,covering set
101,1
102,1
103,13
104,36
105,1
106,26
107,3
108,1
109,4
110,4
111,1
112,3
113,1
114,3
115,3
116,1
117,2
118,1
119,2
120,2
121,full algebra factors
122,1
123,3
124,2
125,62
126,1
127,1
128,3
129,1
130,1
131,2
132,1
133,3
134,1
135,2
136,2
137,1
138,1
139,3
140,1
141,1
142,3
143,1
144,full algebra factors
145,1
146,2
147,5
148,133
149,2
150,6
151,33
152,49
153,15
154,1
155,1
156,6
157,1
158,7
159,3
160,2
161,1
162,2
163,2
164,1
165,1
166,1
167,1
168,3
169,full algebra factors
170,14
171,4
172,covering set
173,2
174,1
175,3
176,1
177,3
178,138
179,1
180,40
181,1
182,1
183,7
184,3
185,5
186,7
187,12
188,2
189,1
190,2
191,NA
192,4
193,7
194,1
195,1
196,full algebra factors
197,2
198,3
199,1
200,1
201,23
202,4
203,29
204,1
205,2
206,2
207,21
208,1
209,1
210,1
211,covering set
212,5
213,10
214,9
215,2
216,1
217,1
218,1
219,471
220,1
221,3
222,1
223,12
224,2
225,full algebra factors
226,26
227,1
228,1
229,1
230,6
231,1
232,14
233,3
234,6
235,34
236,6
237,11
238,3
239,4
240,14
241,5
242,NA
243,1
244,5
245,12
246,14
247,336
248,1
249,1
250,2
251,12
252,8
253,1
254,3
255,3
256,full algebra factors
257,2
258,1
259,2
260,20
261,3107
262,1856
263,117
264,4
265,1
266,1
267,1
268,3
269,1
270,1
271,4
272,2
273,1
274,148
275,2
276,2
277,60
278,1
279,7
280,1
281,1
282,948
283,4
284,51
285,1
286,NA
287,1
288,1
289,full algebra factors
290,2
291,9
292,1
293,70
294,3
295,covering set
296,5
297,1
298,4
299,1
300,2
301,43
302,80
303,3
304,8
305,1
306,1
307,2
308,3
309,1
310,6
311,1
312,99
313,5
314,4
315,6
316,1
317,95
318,3
319,3
320,1
321,33
322,2312
323,7
324,full algebra factors
325,1
326,1
327,3
328,6
329,1
330,10
331,3
332,1
333,1
334,4
335,93
336,1
337,439
338,2
339,1
340,3
341,3
342,3
343,1
344,8
345,2
346,39
347,3
348,1
349,2
350,1
351,1
352,2
353,8
354,3
355,1
356,7
357,5
358,5
359,27
360,7
361,full algebra factors
362,1
363,1
364,4
365,322
366,5
367,18
368,1
369,1
370,1
371,2
372,1
373,627
374,2
375,1
376,2
377,2
378,4
379,1
380,3
381,1
382,48
383,1
384,6
385,23
386,1
387,2
388,5
389,13
390,1
391,1
392,1
393,14
394,2
395,1
396,33
397,2
398,3
399,3
400,full algebra factors
401,3
402,1
403,456
404,1
405,10
406,2
407,1888
408,2
409,1
410,1
411,2
412,33
413,1
414,1
415,5
416,330
417,1
418,3
419,3
420,53
421,2
422,492
423,1
424,1138
425,1
426,1
427,4
428,1
429,2
430,14
431,1
432,3
433,4
434,1
435,53
436,NA
437,1
438,10
439,3
440,9
441,full algebra factors
442,1
443,2
444,3
445,3
446,4
447,7
448,1637
449,14
450,3
451,NA
452,9
453,6
454,3
455,3
456,310
457,8
458,3
459,1
460,1
461,1
462,6
463,1
464,9
465,1
466,NA
467,1
468,2
469,2
470,1
471,140
472,1
473,25
474,1
475,2
476,1
477,NA
478,11
479,6
480,15
481,1
482,2
483,4
484,full algebra factors
485,264
486,2
487,181
488,2
489,1
490,1
491,8
492,15
493,2
494,12
495,1
496,8
497,3
498,1
499,162
500,379
501,NA
502,2
503,1
504,1
505,1
506,5
507,34
508,10
509,1
510,5
511,2114
512,1
513,12
514,2308
515,1
516,16
517,4
518,1
519,1
520,3
521,5
522,1
523,2
524,4
525,1
526,22
527,14
528,1
529,full algebra factors
530,2
531,10
532,2
533,1
534,2
535,10
536,24
537,2
538,684
539,1
540,1
541,NA
542,286
543,13
544,18
545,2
546,12
547,8
548,2
549,6
550,1
551,1
552,1
553,1
554,13
555,3
556,3
557,1
558,26
559,1
560,2
561,1
562,18
563,2
564,1
565,8
566,1
567,2
568,2218
569,3
570,5
571,NA
572,2
573,4
574,5
575,2
576,full algebra factors
577,5
578,3
579,1
580,3
581,NA
582,1
583,NA
584,1
585,1
586,2
587,4
588,9
589,1
590,8
591,1
592,87
593,3
594,1
595,1
596,2
597,2
598,10
599,1
600,2
601,2
602,1
603,4
604,2
605,118
606,3
607,1
608,2
609,2
610,38
611,12
612,1
613,4
614,2
615,10
616,1
617,1
618,8
619,20
620,10
621,3
622,1
623,2
624,23
625,covering set
626,1
627,6
628,NA
629,2
630,2
631,NA
632,5
633,4
634,1
635,9
636,1
637,15
638,1
639,3
640,2
641,3
642,3
643,1
644,2
645,5
646,3
647,1
648,1
649,1
650,1
651,1
652,NA
653,2
654,1
655,NA
656,1
657,2
658,1
659,NA
660,2
661,7
662,1
663,3
664,5
665,1
666,NA
667,14
668,1
669,1
670,1
671,2
672,1
673,2
674,NA
675,2
676,full algebra factors
677,19
678,6
679,3
680,1
681,6
682,23
683,6
684,1
685,1
686,2
687,5
688,39
689,1
690,76
691,5
692,6
693,22
694,1
695,17
696,7
697,3
698,3
699,4
700,3
701,23
702,9
703,4
704,6
705,3
706,1
707,5
708,4
709,20
710,1
711,6
712,1
713,19
714,46
715,976
716,14
717,4
718,3
719,9
720,3
721,2
722,1
723,2
724,1
725,1
726,1
727,3
728,2
729,full algebra factors
730,47
731,51
732,NA
733,1
734,3
735,1
736,167
737,12
738,1
739,22
740,1
741,14
742,1
743,1
744,2
745,99
746,42
747,1
748,35
749,1
750,1
751,87
752,1258
753,1
754,3
755,11
756,1
757,305
758,5
759,5
760,1
761,5
762,1
763,255
764,28
765,21
766,1
767,9
768,7
769,3
770,294
771,98
772,23
773,1
774,10
775,4
776,9
777,7
778,121
779,2
780,1
781,covering set
782,1
783,3
784,full algebra factors
785,40
786,45
787,1
788,10
789,3
790,36
791,1
792,1
793,2
794,4
795,25
796,3
797,81
798,4
799,2
800,11
801,1
802,1
803,2
804,1
805,3
806,2
807,NA
808,44
809,6
810,17
811,1
812,10
813,178
814,6
815,4
816,3
817,2
818,5
819,5
820,4
821,57
822,3
823,1
824,1
825,1
826,2
827,1
828,6
829,14
830,1
831,5
832,1
833,1
834,2
835,480
836,5
837,7
838,2
839,1
840,19
841,full algebra factors
842,2
843,3
844,15
845,1
846,14
847,1
848,1319
849,2
850,1
851,307
852,1
853,6
854,1
855,29
856,2
857,12
858,1
859,7
860,26
861,2
862,29
863,3
864,4
865,7
866,23
867,1
868,1
869,7
870,2
871,3
872,52
873,3
874,8
875,1
876,1
877,6
878,24
879,1
880,72
881,2
882,52
883,5
884,5
885,1
886,1
887,3
888,7
889,2
890,2
891,15
892,8
893,6
894,246
895,7
896,3
897,1
898,2
899,1
900,full algebra factors
901,1
902,2
903,2
904,1
905,2
906,10
907,6
908,3
909,2
910,2
911,1
912,2
913,69
914,1
915,1
916,6
917,20
918,1
919,covering set
920,1
921,13
922,6
923,1
924,11
925,NA
926,2
927,21
928,7
929,44
930,1
931,1
932,1
933,2
934,2
935,52
936,1
937,488
938,173
939,5
940,NA
941,1
942,6
943,2
944,1
945,1
946,619
947,3
948,2
949,27
950,13
951,4
952,3
953,17
954,6
955,5
956,1
957,19
958,1
959,13
960,1
961,full algebra factors
962,1
963,1
964,1
965,2
966,1
967,52
968,3
969,1
970,174
971,67
972,2
973,58
974,20
975,3
976,1
977,205
978,2
979,129
980,824
981,1
982,221
983,4
984,1
985,1
986,25
987,2
988,71
989,2
990,1
991,covering set
992,1
993,1
994,25
995,59
996,23
997,6
998,1
999,1
1000,1
1001,3
1002,41
1003,9
1004,2
1005,9
1006,161
1007,1
1008,3
1009,2
1010,30
1011,41
1012,1
1013,2
1014,1
1015,53
1016,NA
1017,29
1018,1
1019,1
1020,30
1021,4
1022,1
1023,1
1024,full algebra factors
