1,3
2,1
3,2
4,1
5,1
6,1
7,2
8,1
9,1
10,1
11,22
12,2
13,1
14,1
15,2
16,1
17,3
18,1
19,4
20,1
21,1
22,2
23,2
24,1
25,1
26,2
27,4
28,1
29,1
30,1
31,2
32,3
33,21
34,1
35,2
36,1
37,3
38,1
39,4
40,2
41,1
42,10
43,2
44,1
45,1
46,1
47,2
48,2
49,1
50,1
51,2
52,2
53,1
54,4
55,6
56,1
57,3
58,1
59,4
60,1
61,3
62,2
63,2
64,1
65,1
66,1
67,4
68,4
69,1
70,3
71,46
72,2
73,1
74,3
75,2
76,1
77,3
78,1
79,8
80,1
81,3
82,3
83,2
84,1
85,1
86,1
87,30
88,1
89,3
90,1
91,2
92,2
93,1
94,1
95,4
96,2
97,3131
98,1
99,20
100,3
101,1
102,3
103,2
104,1
105,1
106,1
107,18
108,2
109,1
110,3
111,2
112,3
113,5
114,5
115,4
116,1
117,3
118,1
119,8972
120,1
121,1
122,2
123,102
124,3
125,5
126,9
127,2
128,1
129,1
130,1
131,26
132,2
133,1
134,1
135,2
136,2
137,11
138,4
139,8
140,1
141,1
142,2
143,2
144,1
145,9
146,6
147,2
148,1
149,1
150,1
151,114
152,2
153,1
154,1
155,4
156,1
157,7
158,5
159,16
160,1
161,1
162,3
163,2
164,1
165,5
166,2
167,2
168,1
169,3
170,1
171,2
172,3
173,5
174,1
175,2
176,2
177,3
178,2
179,12
180,2
181,1
182,2
183,2
184,3
185,1
186,1
187,4
188,1
189,1
190,1
191,2
192,4
193,685
194,3
195,2
196,1
197,3
198,1
199,4
200,1
201,3
202,4
203,4
204,3
205,1
206,1
207,72
208,2
209,1
210,2
211,34
212,2
213,45
214,1
215,2
216,1
217,11
218,1
219,12
220,1
221,1
222,2
223,6
224,3
225,1
226,1
227,2
228,1
229,5
230,2
231,2
232,2
233,1
234,1
235,10
236,5
237,7
238,2
239,4
240,1
241,3
242,6
243,2
244,4
245,1
246,2
247,6
248,1
249,1
250,4
251,2
252,2
253,1
254,1
255,10
256,3
257,3
258,1
259,8
260,2
261,29
262,2
263,4
264,3
265,1
266,1
267,2
268,2
269,3
270,1
271,6
272,2
273,1
274,1
275,2
276,1
277,3
278,6
279,4
280,1
281,1
282,23
283,18
284,4
285,3
286,1
287,2
288,1
289,1
290,2
291,3130
292,3
293,1
294,1
295,2
296,1
297,19
298,4
299,4
300,2
301,5
302,2091
303,18
304,1
305,1
306,2
307,2
308,5
309,1
310,1
311,2
312,3
313,24761
314,1
315,4
316,1
317,7
318,1
319,4
320,2
321,17
322,2
323,2
324,1
325,1
326,1
327,2
328,1
329,3
330,2
331,2
332,3
333,1
334,8
335,4
336,2
337,3
338,1
339,4
340,1
341,3
342,4
343,2
344,1
345,3
346,3
347,6
348,8
349,1
350,1
351,2
352,2
353,9
354,1
355,2
356,2
357,8971
358,2
359,24
360,3
361,1
362,2
363,6
364,1
365,1
366,1
367,18
368,1
369,101
370,1
371,2
372,2
373,5
374,4
375,4
376,3
377,7
378,8
379,4
380,3
381,1
382,3
383,2
384,1
385,1
386,53
387,2
388,1
389,9
390,3
391,2
392,2
393,25
394,1
395,2
396,1
397,143
398,1
399,8
400,3
401,1
402,2
403,6
404,40
405,1
406,1
407,2
408,1
409,1
410,1
411,10
412,6
413,1
414,3
415,2
416,7
417,7
418,2
419,12
420,1
421,1
422,2
423,6
424,3
425,3
426,1
427,4
428,1
429,1
430,1
431,22
432,6
433,5
434,1
435,8
436,1
437,15
438,5
439,20
440,1
441,1
442,3
443,2
444,3
445,3
446,2
447,2
448,5
449,1
450,2
451,2
452,3
453,113
454,1
455,4
456,1
457,7
458,1
459,12
460,2
461,1
462,2
463,2
464,3
465,3
466,15
467,4
468,2
469,5
470,1
471,6
472,3
473,1
474,4
475,2
476,1
477,15
478,1
479,12
480,1
481,5
482,2
483,6
484,1
485,1
486,2
487,6
488,2
489,1
490,2
491,46
492,6
493,1
494,1
495,4
496,1
497,3
498,1
499,8
500,1
501,1
502,2
503,6
504,1
505,1
506,5
507,2
508,1
509,3
510,13
511,6
512,10
513,1
514,3
515,4
516,2
517,19
518,1
519,4
520,1
521,7
522,4
523,6
524,1
525,1
526,2
527,2
528,1
529,9
530,4
531,2
532,2
533,69
534,1
535,10
536,1
537,11
538,1
539,100
540,1
541,1
542,2
543,4
544,9
545,7
546,1
547,4
548,2
549,1
550,4
551,22
552,2
553,1
554,3
555,8
556,1
557,7
558,2
559,4
560,2
561,3
562,3
563,6
564,3
565,9
566,1
567,2
568,8
569,1
570,1
571,6
572,2
573,1
574,1
575,10
576,3
577,3
578,1
579,684
580,5
581,11
582,2
583,8
584,3
585,1
586,2
587,4
588,16
589,1
590,2
591,2
592,4
593,9
594,5
595,2
596,1
597,3
598,2
599,1240
600,2
601,7
602,2
603,2
604,1
605,1
606,3
607,2
608,1
609,3
610,4
611,2
612,2
613,1
614,21
615,2
616,1
617,3
618,14
619,16
620,5
621,71
622,7
623,2
624,1
625,1
626,1
627,12
628,2
629,5
630,1
631,70
632,20
633,33
634,1
635,2
636,1
637,3
638,1
639,44
640,4
641,7
642,3
643,4
644,1
645,1
646,2
647,4
648,6
649,3
650,1
651,10
652,2
653,13
654,3
655,6
656,2
657,11
658,1
659,8
660,1
661,1
662,6
663,6
664,4
665,1
666,1
667,2
668,1
669,5
670,2
671,2
672,2
673,1
674,5
675,2
676,1
677,35
678,2
679,12
680,1
681,1
682,3
683,22
684,8
685,5
686,2
687,4
688,1
689,1
690,1
691,2
692,22
693,1
694,1
695,18
696,1
697,15
698,6
699,4
700,1
701,1
702,2
703,2
704,1
705,9
706,2
707,2
708,4
709,1
710,1
711,6
712,12
713,1
714,1
715,2
716,7
717,3
718,1
719,60
720,5
721,3
722,4
723,2
724,9
725,1
726,5
727,2
728,2
729,1
730,2
731,6
732,3
733,9
734,4
735,2
736,1
737,3
738,1
739,12
740,2
741,5
742,4
743,2
744,7
745,1
746,1
747,2
748,1
749,1
750,3
751,6
752,7
753,1
754,3
755,4
756,1
757,7
758,1
759,16
760,4
761,3
762,2
763,2
764,3
765,9
766,1
767,4
768,2
769,1
770,1
771,2
772,2
773,133
774,3
775,4
776,2
777,7
778,1
779,80
780,1
781,1
782,6
783,28
784,1
785,3
786,1
787,2
788,12
789,3
790,2
791,2
792,2
793,37
794,1
795,18
796,3
797,35
798,1
799,4
800,1
801,1
802,12
803,2
804,1
805,3
806,1
807,2
808,1
809,1
810,4
811,1126
812,2
813,5
814,1
815,6
816,1
817,47
818,12
819,240
820,1
821,1
822,3
823,4
824,3
825,1
826,1
827,4
828,2
829,9
830,3
831,2
832,2
833,1
834,5
835,6
836,2
837,3
838,2
839,28
840,2
841,3
842,2
843,2
844,1
845,5
846,22
847,4
848,1
849,17
850,1
851,222
852,3
853,1
854,3
855,2
856,2
857,27
858,4
859,128
860,1
861,1
862,2
863,14
864,1
865,1
866,2
867,36
868,5
869,1
870,1
871,2
872,7
873,3129
874,1
875,4
876,2
877,3
878,1
879,36
880,2
881,1
882,2
883,22
884,5
885,1
886,1
887,4
888,1
889,5
890,2
891,18
892,3
893,5
894,3
895,2
896,1
897,3
898,1
899,8
900,1
901,3
902,2
903,4
904,1
905,13
906,2090
907,16
908,2
909,17
910,1
911,2
912,3
913,9
914,1
915,4
916,2
917,3
918,1
919,8
920,8
921,1
922,2
923,2
924,4
925,3
926,1
927,6
928,4
929,3
930,1
931,10
932,2
933,1
934,1
935,30
936,2
937,7
938,8
939,24760
940,1
941,3
942,16
943,2
944,4
945,3
946,1
947,2
948,1
949,1
950,4
951,6
952,3
953,1
954,1
955,2
956,5
957,3
958,24
959,4
960,1
961,3
962,15
963,16
964,15
965,1
966,1
967,4
968,1
969,1
970,1
971,6
972,2
973,1
974,3
975,44
976,1
977,35
978,6
979,24
980,1
981,1
982,2
983,2
984,9
985,3
986,1
987,2
988,1
989,1
990,1
991,6
992,3
993,1
994,4
995,16
996,2
997,20847
998,6
999,4
1000,1
1001,3
1002,7
1003,2
1004,1
1005,3
1006,5
1007,10
1008,1
1009,7
1010,15
1011,2
1012,4
1013,1233
1014,1
1015,2
1016,3
1017,3
1018,2
1019,4
1020,3
1021,1
1022,4
1023,2
1024,3
