1,5
2,1
3,2
4,3
5,1
6,1
7,4
8,4
9,1
10,1
11,2
12,1
13,3
14,1
15,2
16,1
17,1
18,2
19,4
20,1
21,1
22,2
23,2
24,1
25,1
26,1
27,2
28,2
29,1
30,3
31,18
32,1
33,3
34,1
35,2
36,1
37,1
38,2
39,4
40,2
41,5
42,1
43,4
44,1
45,1
46,1
47,2
48,2
49,3
50,1
51,2
52,4
53,7
54,3
55,2
56,3
57,1
58,2
59,32
60,1
61,1
62,1
63,2
64,1
65,1
66,1
67,2
68,2
69,1
70,1
71,6
72,1
73,127
74,5
75,8
76,3
77,1
78,2
79,424
80,2
81,1
82,1
83,6
84,1
85,5
86,1
87,2
88,3
89,1
90,2
91,2
92,1
93,19
94,5
95,8
96,2
97,1
98,2
99,104
100,1
101,1
102,4
103,20
104,1
105,1
106,3
107,2
108,7
109,1
110,1
111,2
112,26
113,3
114,1
115,256
116,1
117,1
118,4
119,8
120,1
121,3
122,1
123,4
124,3
125,5
126,1
127,4
128,2
129,3
130,5
131,2
132,5
133,3
134,1
135,2
136,1
137,1
138,2
139,468
140,6
141,3
142,1
143,4
144,3
145,5
146,1
147,10
148,2
149,1
150,1
151,10
152,1
153,7
154,1
155,2
156,1
157,9
158,2
159,NA
160,1
161,1
162,2
163,14
164,21
165,1
166,2
167,2
168,2
169,1
170,2
171,6
172,1
173,3
174,1
175,2
176,1
177,1
178,102
179,8
180,1
181,1
182,5
183,2
184,8
185,1
186,1
187,4
188,3
189,1
190,1
191,2
192,4
193,27
194,3
195,38
196,1
197,NA
198,14
199,4
200,1
201,3
202,2
203,2
204,1
205,1
206,2
207,14
208,10
209,5
210,2
211,2
212,1
213,3
214,1
215,4
216,1
217,17
218,4
219,4
220,2
221,1
222,1
223,4
224,1
225,1
226,2
227,50
228,2
229,5
230,1
231,2
232,1
233,43
234,1
235,40
236,15
237,1
238,3
239,8
240,24
241,1
242,1
243,2
244,1
245,1
246,1
247,2
248,8
249,3
250,10
251,94
252,2
253,31
254,1
255,2
256,3
257,145
258,2
259,4
260,2
261,5
262,4
263,6
264,1
265,3
266,1
267,4
268,7
269,1
270,1
271,2
272,2
273,3
274,3
275,2
276,1
277,45
278,4
279,100
280,1
281,1
282,1
283,2
284,1
285,1
286,10
287,4
288,12
289,1
290,1
291,2
292,9
293,15
294,5
295,6
296,2
297,1
298,4
299,600
300,1
301,3
302,1
303,4
304,1
305,7
306,1
307,260
308,2
309,5
310,6
311,10
312,2
313,NA
314,8
315,2
316,5
317,1
318,2
319,8
320,1
321,1
322,1
323,8
324,1
325,1
326,1
327,2
328,3
329,1
330,1
331,46
332,2
333,35
334,17
335,14
336,1
337,177
338,2
339,4
340,3
341,1
342,1
343,2
344,3
345,3
346,2
347,2
348,3
349,177
350,3
351,2
352,1
353,3
354,1
355,18
356,2
357,1
358,4
359,4
360,3
361,1
362,2
363,2
364,3
365,1
366,7
367,NA
368,3
369,1
370,1
371,6
372,6
373,3
374,1
375,2
376,1
377,1
378,2
379,16
380,1
381,17
382,5
383,4
384,1
385,1
386,2
387,6
388,2
389,1
390,1
391,938
392,2
393,3
394,1
395,2
396,2
397,1
398,2
399,4
400,29
401,3
402,2
403,4
404,3
405,3
406,1
407,4
408,2
409,15
410,2
411,2
412,6
413,31
414,1
415,2
416,5
417,1
418,2
419,1052
420,1
421,1
422,1
423,16
424,4
425,1
426,2
427,8
428,10
429,3815
430,9
431,2
432,1
433,7
434,1
435,2
436,2
437,385
438,7
439,4
440,1
441,1
442,1
443,2
444,9
445,3
446,1
447,6
448,12
449,1
450,4
451,398
452,1
453,3
454,3
455,6
456,1
457,covering set
458,2
459,8
460,4
461,1
462,2
463,6
464,4
465,1
466,1
467,204
468,4
469,1
470,2
471,10
472,8
473,3
474,11
475,46
476,1
477,1
478,7
479,12
480,1
481,735
482,1
483,2
484,1
485,1
486,2
487,208
488,2
489,7
490,12
491,54
492,2
493,3
494,1
495,716
496,2
497,5
498,3
499,8
500,1
501,1
502,1
503,2
504,1
505,23
506,1
507,2
508,2
509,3
510,2
511,126
512,1
513,11
514,4
515,4
516,37
517,5
518,4
519,4
520,1
521,1
522,2
523,2
524,11
525,7
526,3
527,2
528,4
529,1
530,1
531,2
532,2
533,7
534,4
535,8
536,2
537,1
538,3
539,4
540,1
541,1
542,1
543,6
544,5
545,1
546,1
547,6
548,3
549,3
550,1
551,2
552,1
553,423
554,1
555,2
556,1
557,1
558,382
559,224
560,1
561,3
562,5
563,4
564,1
565,1
566,2
567,6
568,2
569,3
570,1
571,2
572,1
573,3
574,12
575,2
576,3
577,1
578,6
579,4
580,2
581,5
582,1
583,4
584,5
585,9
586,1
587,8
588,3
589,5
590,1
591,2
592,1
593,11
594,1
595,4
596,3
597,1
598,2
599,20
600,2
601,1
602,4
603,4
604,1
605,5
606,1
607,2
608,7
609,1
610,1
611,2
612,1
613,139
614,1
615,10
616,2
617,9
618,6
619,48
620,1
621,3
622,1
623,2
624,3
625,3
626,6
627,2
628,7
629,3
630,1
631,2
632,1
633,35
634,51
635,6
636,1
637,1
638,3
639,12
640,1
641,1
642,1
643,6
644,1
645,7
646,3
647,14
648,2
649,1
650,1
651,18
652,20
653,1051
654,5
655,4
656,1
657,5
658,4
659,16
660,3
661,5
662,12
663,4
664,1
665,7
666,2
667,8
668,3
669,1
670,3
671,14
672,1
673,19
674,5
675,12
676,23
677,9
678,4
679,NA
680,1
681,1
682,4
683,38
684,1
685,5
686,1
687,2
688,8
689,1
690,2
691,NA
692,13
693,103
694,1
695,2
696,1
697,5
698,6
699,20
700,4
701,5
702,5
703,2
704,4
705,1
706,6
707,2
708,10
709,1
710,1
711,2
712,8
713,3
714,3
715,2
716,1
717,NA
718,22
719,8
720,1
721,19
722,5
723,2
724,11
725,3
726,1
727,16
728,2
729,1
730,2
731,2
732,4
733,3
734,3
735,4
736,13
737,1
738,2
739,8
740,1
741,1
742,2
743,10
744,3
745,3
746,3
747,2
748,4
749,1
750,2
751,2
752,2
753,15
754,1
755,4
756,6
757,1
758,3
759,4
760,2
761,1
762,1
763,18
764,1
765,1
766,1
767,4
768,3
769,3
770,6
771,198
772,1
773,43
774,1
775,2
776,1
777,1
778,3
779,4
780,2
781,1
782,2
783,2
784,25
785,15
786,1
787,2
788,2
789,9
790,387
791,2
792,5
793,7
794,1
795,2
796,2
797,1
798,4
799,4
800,2
801,1
802,1
803,6
804,8
805,255
806,1
807,20
808,3
809,5
810,1
811,46
812,1
813,3
814,23
815,6
816,1
817,1
818,8
819,4
820,1
821,11
822,2
823,8
824,4
825,1
826,3
827,2
828,3
829,1
830,3
831,2
832,6
833,7
834,3
835,30
836,1
837,5
838,2
839,8
840,1
841,431
842,2
843,6
844,3
845,1
846,2
847,2
848,7
849,1
850,2
851,2
852,4
853,235
854,3
855,2
856,1
857,1
858,3
859,NA
860,2
861,3
862,1
863,2
864,1
865,1
866,2
867,4
868,2
869,1
870,1
871,30
872,2
873,303
874,1
875,4
876,1
877,9
878,3
879,172
880,1
881,1
882,1
883,2
884,12
885,95
886,5
887,6
888,35
889,3
890,1
891,22
892,1
893,39
894,1
895,2
896,1
897,5
898,10
899,12
900,1
901,1
902,4
903,2
904,3
905,1
906,5
907,4
908,2
909,1
910,4
911,6
912,2
913,719
914,1
915,6
916,1
917,1
918,4
919,3796
920,3
921,3
922,68
923,2
924,4
925,3
926,1
927,22
928,8
929,1
930,2
931,2
932,2
933,3
934,1
935,2
936,1
937,1
938,3
939,120
940,3
941,7
942,12
943,12
944,1
945,1
946,1
947,2
948,2
949,3
950,2
951,14
952,1
953,7
954,12
955,16
956,1
957,189
958,2
959,132
960,1
961,9
962,1
963,2
964,5
965,47
966,1
967,8
968,2
969,1
970,28
971,2
972,1
973,467
974,11
975,2
976,9
977,21
978,3
979,180
980,5
981,1
982,389
983,2
984,3
985,11
986,2
987,2
988,10
989,1
990,4
991,2
992,4
993,3
994,3
995,252
996,1
997,1
998,4
999,8
1000,1
1001,3
1002,1
1003,2
1004,1
1005,1
1006,1
1007,2
1008,2
1009,343
1010,1
1011,6
1012,2
1013,3
1014,3
1015,4
1016,2
1017,1
1018,119
1019,4
1020,9
1021,3
1022,2
1023,10
1024,1
