1,1
2,2
3,2
4,1
5,1
6,1
7,1
8,4
9,1
10,1
11,564
12,1
13,3
14,1
15,covering set
16,3
17,1
18,11
19,30
20,5
21,1
22,2
23,3
24,1
25,1
26,1
27,covering set
28,2
29,10574
30,4
31,1
32,1
33,2
34,1
35,8
36,8
37,1
38,2
39,1
40,1
41,1
42,1
43,4
44,1
45,1
46,1
47,covering set
48,6267
49,6
50,34
51,76
52,1
53,2
54,2
55,1
56,3
57,2
58,2
59,42
60,2
61,1
62,1
63,3
64,26
65,2
66,1
67,570
68,15
69,1
70,1
71,covering set
72,1
73,3
74,3
75,2
76,3
77,1
78,2
79,1
80,1
81,4
82,2
83,covering set
84,1
85,30
86,1
87,1
88,3
89,1
90,1
91,20
92,14
93,3
94,1
95,1
96,1
97,1
98,2
99,6
100,1
101,5
102,1
103,51
104,3
105,1
106,56
107,10
108,2
109,1
110,2
111,13
112,12
113,4
114,1
115,6
116,1
117,1
118,11
119,3
120,1552
121,1
122,4
123,2
124,1
125,1
126,3
127,covering set
128,2
129,1
130,3
131,4
132,covering set
133,2
134,2
135,1
136,5
137,8
138,3
139,covering set
140,1
141,8
142,1
143,563
144,1
145,2
146,3
147,2
148,2
149,3
150,1
151,1
152,1
153,3
154,1
155,6
156,1
157,1
158,7
159,7
160,1
161,1
162,10
163,12
164,2
165,3
166,8
167,1
168,2
169,2
170,4
171,4
172,1
173,3
174,5
175,1
176,4
177,1
178,3
179,2
180,1
181,3
182,2
183,covering set
184,1
185,1
186,3
187,2
188,11
189,1
190,6
191,1241
192,4
193,8
194,45
195,covering set
196,1
197,8
198,7
199,1
200,6
201,1
202,5
203,70
204,10
205,11
206,13
207,1
208,2
209,9
210,1
211,392
212,1
213,6
214,5
215,1
216,25
217,4
218,2
219,42
220,1
221,1
222,1
223,1091
224,1
225,2
226,1
227,6
228,4
229,1
230,1
231,1
232,2
233,2
234,10
235,2
236,9
237,25
238,3
239,covering set
240,1
241,1
242,1
243,2
244,3
245,5
246,4
247,29
248,3
249,1
250,1
251,covering set
252,2
253,2
254,3
255,1
256,1
257,1
258,167
259,14
260,4
261,1
262,1
263,23
264,1
265,1
266,1
267,12
268,2
269,2
270,1
271,1
272,5
273,3
274,2
275,6
276,4
277,1
278,2
279,1
280,3
281,NA
282,2
283,10
284,1
285,2
286,1
287,1
288,2
289,1
290,44
291,4
292,1
293,covering set
294,1
295,covering set
296,1
297,1
298,2
299,2
300,3
301,4
302,6
303,11
304,622
305,1
306,3
307,covering set
308,2
309,2
310,2
311,1
312,1
313,2
314,1
315,2
316,164
317,2
318,11
319,3
320,57
321,1
322,2
323,2
324,3
325,1
326,15
327,1
328,3
329,9
330,12
331,4
332,1
333,31
334,5
335,3
336,108
337,2
338,3
339,2
340,1
341,1
342,1
343,7
344,2
345,1
346,3
347,4
348,4
349,1
350,2
351,covering set
352,4
353,6
354,1
355,4
356,1
357,4
358,8
359,1
360,5
361,1
362,2
363,covering set
364,1
365,10
366,1
367,1
368,2
369,1
370,19
371,428
372,2
373,262
374,1
375,7
376,1
377,10573
378,8
379,14
380,2
381,1
382,1
383,3
384,1
385,1
386,4
387,12
388,3
389,2
390,3
391,47
392,1
393,4
394,2
395,2
396,3
397,2
398,11
399,1
400,2
401,3
402,1
403,2
404,7
405,1
406,1
407,covering set
408,4
409,1
410,1
411,48
412,5
413,2
414,6
415,5
416,3
417,1
418,3
419,covering set
420,2
421,4
422,2
423,3
424,3
425,2
426,11
427,2
428,168
429,1
430,1
431,1
432,2
433,35
434,23
435,2
436,1
437,1
438,4
439,1
440,1
441,3
442,2
443,80
444,2
445,3
446,1
447,1
448,10
449,2
450,1
451,8
452,2
453,8
454,1
455,7
456,24
457,1
458,2
459,6
460,1
461,3
462,1
463,covering set
464,1
465,1
466,4
467,2
468,7
469,1
470,8
471,1
472,2
473,4
474,1
475,covering set
476,1
477,4
478,2
479,3
480,5
481,4
482,1
483,2
484,15198
485,1
486,7
487,1
488,15
489,7
490,2
491,4
492,1
493,2
494,1
495,1
496,1
497,2
498,2
499,22
500,3
501,1
502,5
503,203
504,1
505,4
506,3
507,14
508,2
509,1
510,207
511,155
512,2
513,4
514,5
515,2
516,1
517,1
518,6
519,covering set
520,1
521,1
522,4
523,188
524,5
525,1
526,covering set
527,1
528,63
529,2
530,1
531,covering set
532,1
533,2
534,2
535,5
536,3
537,1
538,3
539,2
540,18
541,1
542,12
543,307
544,3
545,1
546,25
547,4
548,2
549,3
550,1
551,9
552,1
553,3
554,6
555,4
556,1
557,4
558,3
559,3
560,2
561,1576
562,1
563,36
564,1
565,1
566,5
567,409
568,4
569,11
570,1
571,12
572,4
573,67
574,2
575,covering set
576,1
577,2
578,2
579,covering set
580,1
581,1
582,14
583,3
584,1
585,1
586,5
587,covering set
588,7
589,10
590,1
591,31
592,2
593,2
594,1
595,4
596,NA
597,1
598,2
599,9
600,14
601,1
602,1
603,14
604,1
605,2
606,1
607,1
608,15
609,2
610,2
611,covering set
612,9
613,3
614,2
615,1
616,1
617,18
618,10
619,2
620,1
621,55
622,1
623,399
624,6266
625,2
626,1
627,32
628,22
629,59
630,1
631,covering set
632,2
633,40
634,1
635,58
636,1
637,5
638,14
639,3
640,2
641,3
642,2
643,covering set
644,1
645,2
646,3
647,1
648,4
649,1
650,33
651,456
652,8
653,7
654,2
655,1
656,1
657,1
658,10
659,2
660,1
661,1
662,21
663,75
664,5
665,2
666,4
667,2
668,11
669,1
670,19
671,1
672,1
673,1602
674,10
675,4
676,16
677,2
678,7
679,1
680,28
681,9
682,1
683,2
684,1
685,129
686,8
687,covering set
688,2
689,1
690,1
691,36
692,1
693,3
694,126
695,5
696,1
697,2
698,3
699,covering set
700,4
701,436
702,1
703,2519
704,2
705,1
706,3
707,18
708,2
709,18
710,7
711,1
712,1
713,3
714,1
715,12
716,3
717,10
718,2
719,NA
720,35
721,4
722,110
723,14
724,1
725,1
726,1
727,covering set
728,2
729,62
730,1
731,8
732,8
733,4
734,1
735,1
736,92
737,1
738,12
739,2
740,2
741,1
742,2
743,covering set
744,2
745,3
746,203
747,6
748,3
749,3
750,2
751,1
752,1
753,2
754,1
755,covering set
756,1
757,4
758,2
759,1
760,4
761,43
762,1
763,2
764,26
765,1
766,5
767,41
768,2
769,1
770,3
771,4
772,1
773,2
774,2
775,5
776,11
777,1
778,14
779,18
780,1
781,1
782,1
783,15
784,1
785,2
786,4
787,104
788,22
789,3
790,1
791,1
792,1910
793,6
794,2
795,2
796,9
797,129
798,82
799,covering set
800,1
801,8
802,1
803,12
804,1
805,1
806,472
807,41
808,7
809,1
810,1
811,covering set
812,30
813,2
814,2
815,1
816,3
817,4
818,11
819,2
820,2
821,3
822,1
823,3
824,1
825,3
826,1
827,68
828,4
829,2
830,2
831,3
832,25
833,3
834,covering set
835,2
836,1
837,1
838,2
839,3
840,2
841,4
842,153
843,2
844,1
845,1
846,3
847,1
848,18
849,1
850,2
851,16
852,9
853,NA
854,1
855,covering set
856,3
857,5
858,6
859,2
860,1
861,3
862,2
863,23
864,3
865,1
866,5
867,covering set
868,3
869,6
870,1
871,569
872,1
873,20
874,13
875,2
876,NA
877,1
878,16
879,1
880,2
881,7
882,1
883,2
884,14
885,4
886,1
887,69
888,covering set
889,1
890,4
891,4
892,1
893,2
894,3
895,1
896,3
897,2
898,11
899,194
900,1
901,1
902,33
903,3
904,2
905,34
906,1
907,2
908,2
909,3
910,1
911,covering set
912,4
913,3
914,7
915,8
916,1
917,1
918,4
919,151
920,2
921,1
922,1
923,covering set
924,2
925,2
926,1
927,9
928,2
929,3
930,5
931,4
932,6
933,2
934,1
935,1
936,7
937,1
938,12
939,18
940,3
941,1
942,2
943,175
944,1
945,1
946,4
947,2
948,3
949,2
950,19
951,3
952,1
953,40
954,14
955,4
956,77
957,1
958,3
959,1
960,6
961,1
962,2
963,12
964,2
965,1539
966,3
967,covering set
968,3
969,1
970,1
971,4
972,1
973,2
974,2
975,1
976,1
977,6
978,15
979,covering set
980,2
981,8
982,4
983,35
984,2
985,2
986,1
987,8
988,2
989,1
990,2
991,1
992,18
993,NA
994,1
995,6
996,3
997,1
998,4
999,2031
1000,1
1001,5
1002,2
1003,22
1004,3
1005,4
1006,7
1007,1
1008,2
1009,66
1010,2
1011,4
1012,2
1013,6
1014,1
1015,1
1016,NA
1017,5
1018,7
1019,14
1020,3
1021,1
1022,6
1023,covering set
1024,1
