1,1
2,1
3,3
4,1
5,2
6,1
7,1
8,2
9,1
10,1
11,1
12,2
13,10
14,3
15,1
16,1
17,1
18,NA
19,9
20,2
21,1
22,1
23,6
24,1
25,2
26,8
27,1
28,6
29,1
30,1
31,3
32,1
33,3
34,1
35,1
36,3
37,457
38,19
39,2
40,9
41,1
42,1
43,2
44,3
45,1
46,1
47,29
48,4
49,1
50,1
51,1
52,1
53,4
54,2
55,1
56,1
57,10
58,2
59,1
60,2
61,3
62,1
63,7
64,1
65,1
66,3
67,1
68,3
69,58
70,3
71,1
72,1
73,10
74,2
75,3
76,8
77,6
78,6
79,1
80,3
81,1
82,5
83,2
84,1
85,1
86,1
87,1
88,2
89,2
90,1
91,3
92,1
93,2
94,1
95,2
96,44
97,1
98,6
99,1
100,1
101,1
102,2
103,3
104,1
105,11
106,11
107,4
108,3
109,2
110,3
111,1
112,1
113,15
114,1
115,4
116,1
117,5
118,35
119,1
120,1
121,1
122,NA
123,236
124,2
125,1
126,1
127,1
128,3
129,7
130,1
131,5
132,1
133,2
134,6
135,4
136,7
137,1
138,14
139,1
140,1
141,1
142,1
143,3
144,1
145,5
146,7
147,1
148,4
149,1
150,25
151,1
152,2
153,8
154,3
155,1
156,25
157,4
158,2
159,2
160,4
161,3
162,1
163,2
164,1
165,1
166,3
167,8
168,6
169,1
170,1
171,1
172,50
173,2
174,2
175,2
176,1
177,1
178,10
179,3
180,2
181,1
182,5
183,171
184,1
185,1
186,1
187,2
188,2
189,3
190,2
191,20
192,1
193,2
194,5
195,1
196,1
197,1
198,2
199,1
200,3
201,3
202,1
203,8
204,1
205,1
206,1
207,1
208,3
209,79
210,2
211,4
212,4
213,3
214,1
215,2
216,1
217,1
218,4
219,1
220,1
221,3
222,41
223,2
224,2
225,1
226,3
227,25
228,8
229,2
230,2
231,1
232,1
233,3
234,9
235,1
236,5
237,1
238,43
239,10
240,2
241,1
242,1
243,12
244,5
245,6
246,7
247,1
248,36
249,1
250,2
251,1
252,2
253,2
254,1
255,1
256,3
257,2
258,4
259,1
260,5
261,3
262,6
263,2
264,3
265,19
266,1
267,2
268,4
269,7
270,1
271,15
272,2
273,8
274,1
275,1
276,1
277,1
278,2
279,1
280,18
281,1
282,1
283,12
284,1
285,3
286,4
287,1
288,3
289,2
290,31
291,2415
292,36
293,2
294,2
295,2
296,3
297,1
298,2
299,17
300,4
301,1
302,1
303,11
304,31
305,2
306,5
307,1
308,2
309,1
310,1
311,7
312,2
313,24
314,1
315,2
316,1
317,44
318,78
319,1
320,2
321,1
322,13
323,3
324,NA
325,1
326,1
327,17
328,2
329,1
330,2
331,17
332,4
333,10
334,2
335,2
336,4
337,1
338,7
339,1
340,1
341,9
342,8
343,10
344,5
345,1
346,1
347,1
348,6
349,53
350,1
351,8
352,1
353,3
354,1
355,2
356,7
357,1
358,3
359,9
360,1
361,4
362,258
363,163
364,1
365,1
366,5
367,1
368,2
369,2
370,1
371,1
372,4
373,2
374,1
375,2
376,9
377,2
378,7
379,1
380,1
381,NA
382,28
383,3
384,5
385,9
386,1
387,1
388,3
389,2
390,2
391,1
392,1
393,12
394,2
395,4
396,1
397,2
398,covering set
399,2
400,4
401,1
402,1
403,10
404,3
405,2
406,1
407,1
408,3
409,13
410,5
411,5
412,1
413,2
414,5
415,5
416,1
417,1
418,2
419,2
420,1
421,4
422,4
423,6
424,1
425,5
426,1
427,1
428,3
429,1
430,1
431,1
432,2
433,112
434,2
435,3
436,5
437,1
438,6
439,2
440,4
441,1
442,5
443,3
444,1
445,1
446,9
447,2
448,11
449,2
450,1
451,4
452,2
453,8
454,2
455,1
456,1
457,262
458,15
459,1
460,6
461,4
462,1
463,24
464,1
465,9
466,1
467,17
468,7
469,1
470,1
471,3
472,37
473,3
474,3
475,1
476,12
477,10
478,2
479,1
480,1
481,3
482,1
483,2
484,1
485,1
486,43
487,4
488,2
489,1
490,1
491,1
492,1
493,15
494,1
495,12
496,1
497,4
498,20
499,3
500,1
501,5
502,2
503,2
504,5
505,1
506,1
507,1
508,4
509,3
510,1
511,1
512,covering set
513,10
514,18
515,2
516,5
517,4
518,4
519,1
520,2
521,4
522,1
523,440
524,1
525,2
526,1
527,2
528,84
529,3
530,3
531,17
532,6
533,24
534,1
535,1
536,1
537,5
538,8
539,2
540,1
541,1
542,58
543,4
544,15
545,1
546,1
547,317
548,2
549,1
550,1
551,12
552,64
553,2
554,1
555,2
556,1
557,22
558,2
559,5
560,1
561,1
562,2
563,4
564,6
565,11
566,8
567,2
568,3
569,1
570,10
571,covering set
572,8
573,28
574,1
575,2
576,1
577,4
578,2
579,2
580,2
581,1
582,1
583,15
584,1
585,1
586,3
587,1
588,7
589,2
590,2
591,1
592,1
593,2
594,2
595,1
596,1
597,17
598,12
599,9
600,5
601,157
602,1
603,3
604,2
605,1
606,1
607,NA
608,2
609,26
610,2
611,1
612,9
613,2
614,2
615,1
616,16
617,2
618,3
619,25
620,1
621,27
622,1
623,3
624,34
625,1
626,3
627,1
628,2
629,7
630,6
631,3
632,4
633,3
634,2
635,33
636,31
637,1
638,7
639,1
640,13
641,4
642,2
643,2
644,1
645,1
646,15
647,198
648,2
649,2
650,1
651,1
652,26
653,2
654,10
655,4
656,3
657,1
658,2
659,1
660,5
661,117
662,1
663,3
664,1
665,1
666,456
667,1
668,3
669,1
670,2
671,8
672,1
673,3
674,7
675,6
676,4
677,9
678,11
679,1
680,1
681,8
682,1
683,27
684,18
685,2
686,101
687,18
688,2
689,3
690,1
691,3
692,1
693,23
694,3
695,1
696,4
697,1
698,8
699,1
700,1
701,1
702,1
703,3
704,2
705,2
706,4
707,102
708,2
709,1
710,1
711,1
712,5
713,4
714,1
715,2
716,1
717,1
718,2
719,3
720,8
721,1
722,8
723,4
724,1
725,5
726,3
727,38
728,4
729,19
730,1
731,1
732,1
733,3
734,7
735,2
736,1
737,1
738,3
739,6
740,83
741,1
742,12
743,2
744,5
745,1
746,3
747,5
748,7
749,2
750,3
751,3
752,1
753,2
754,2
755,1
756,3
757,1
758,2
759,15
760,1
761,NA
762,2
763,3
764,1
765,6
766,1
767,1
768,96
769,46
770,16
771,1
772,4
773,4
774,1
775,41
776,43
777,18
778,3
779,3
780,102
781,1
782,2
783,4
784,7
785,4
786,1
787,12
788,2
789,2
790,1
791,3
792,2
793,3
794,1
795,3
796,5
797,1
798,15
799,150
800,1
801,1
802,1
803,3
804,14
805,10
806,3
807,53
808,4
809,1
810,3
811,4
812,2
813,4
814,1
815,1
816,3
817,14
818,194
819,7
820,3
821,1
822,1
823,10
824,2
825,1
826,1
827,1
828,4
829,1
830,2
831,5
832,1
833,3
834,1
835,1
836,13
837,28
838,6
839,98
840,1
841,1
842,2
843,7
844,1
845,5
846,28
847,9
848,3
849,3
850,10
851,1
852,2
853,2
854,1
855,1
856,44
857,1
858,2
859,11
860,28
861,12
862,4
863,2
864,3
865,6
866,8
867,1
868,2
869,1
870,1
871,1
872,36
873,NA
874,1
875,2
876,11
877,1
878,4
879,1
880,2
881,1
882,1
883,2
884,1
885,4
886,4
887,6
888,14
889,195
890,2
891,9
892,1
893,10
894,2
895,1
896,5
897,13
898,3
899,1
900,1
901,56
902,2
903,2
904,1
905,2
906,4
907,4
908,15
909,1
910,1
911,3
912,1
913,4
914,1
915,3
916,5
917,1
918,4
919,2
920,1
921,3
922,NA
923,2
924,1
925,1
926,13
927,10
928,2
929,2
930,1
931,1
932,4
933,16
934,3
935,1
936,11
937,13
938,22
939,1
940,1
941,3
942,2
943,2
944,1
945,1
946,1
947,1
948,3
949,3
950,5
951,8
952,1
953,2
954,3
955,1
956,1
957,126
958,10
959,5
960,2
961,1
962,1
963,3
964,11
965,5
966,1
967,4
968,3
969,1
970,4
971,3
972,1
973,115
974,3
975,1
976,1
977,33
978,14
979,1
980,8
981,1
982,14
983,3922
984,1
985,2
986,1
987,409
988,2
989,covering set
990,4
991,1
992,5
993,2
994,2
995,1
996,1
997,22
998,3
999,3
1000,5
1001,7
1002,1
1003,3
1004,7
1005,17
1006,35
1007,1
1008,2
1009,14
1010,1
1011,1
1012,1
1013,2
1014,1
1015,5
1016,1
1017,1
1018,3
1019,2
1020,3
1021,1
1022,1
1023,8
1024,1
