1,1
2,1
3,2
4,1
5,1
6,1
7,1
8,2
9,1
10,1
11,2
12,10
13,1
14,1
15,1
16,1
17,1
18,1
19,2
20,1
21,3
22,1
23,covering set
24,1
25,1
26,1
27,8
28,3
29,1
30,1
31,1
32,1
33,1
34,2
35,4
36,1
37,1
38,2
39,1
40,3
41,1
42,1
43,covering set
44,2
45,2
46,1
47,covering set
48,1
49,1
50,1
51,2
52,1
53,1
54,1
55,7
56,2
57,1
58,2
59,2
60,3
61,1
62,1
63,1
64,1
65,1
66,5
67,2490
68,1
69,3
70,1
71,1
72,7
73,2
74,1
75,2
76,1
77,1
78,16
79,1
80,2
81,5
82,1
83,2
84,1
85,2
86,3
87,1
88,10
89,204
90,3
91,6
92,1
93,1
94,2
95,1
96,1
97,1
98,9
99,4
100,2
101,1
102,1
103,1
104,2
105,1
106,2
107,422
108,1
109,1
110,1
111,covering set
112,2
113,1
114,1
115,8
116,1
117,1
118,NA
119,3
120,1
121,2
122,8
123,4
124,1
125,7
126,1
127,5
128,1
129,1
130,1
131,covering set
132,6
133,2
134,1
135,1
136,1
137,1
138,2
139,NA
140,4
141,1
142,7
143,1
144,40
145,1
146,1
147,10
148,1
149,1
150,8
151,3
152,2
153,1
154,1
155,NA
156,13
157,3
158,1
159,1
160,1
161,4
162,2
163,2
164,103
165,1
166,4
167,1
168,1
169,3
170,1
171,24
172,1
173,3
174,6
175,1
176,1
177,4
178,1
179,2
180,4
181,1
182,1
183,13
184,1
185,4
186,1
187,12
188,4
189,1
190,2
191,19
192,2
193,1
194,3
195,2
196,5
197,1
198,1
199,covering set
200,1
201,1
202,1
203,2
204,1
205,1
206,1
207,1
208,3
209,1
210,4
211,12
212,2
213,1
214,4
215,1
216,2
217,12
218,3
219,covering set
220,1
221,2
222,1
223,1
224,1
225,2
226,2
227,20
228,1
229,2
230,1
231,1
232,10
233,1
234,1
235,4
236,1
237,2
238,1
239,1
240,5
241,1
242,3
243,22
244,2
245,4
246,1
247,1
248,1
249,1
250,2
251,2
252,9
253,1
254,278
255,3
256,12
257,1
258,1
259,2
260,2
261,1
262,1
263,1
264,1
265,6
266,2
267,2
268,2
269,2
270,4
271,1
272,2
273,4
274,1
275,2
276,8
277,1
278,1
279,1
280,1
281,2
282,1
283,4
284,1
285,77
286,1
287,covering set
288,6
289,1
290,1
291,2
292,1
293,3
294,2
295,1
296,1
297,1
298,6
299,4
300,1
301,3
302,1
303,5
304,1
305,1
306,1
307,covering set
308,1
309,2
310,2
311,5
312,1
313,5
314,1
315,2
316,1
317,1
318,1
319,1789
320,2
321,1
322,1
323,10
324,1
325,1
326,4
327,11
328,5
329,1
330,2
331,2
332,5
333,3
334,4
335,1
336,1
337,1
338,2
339,covering set
340,3
341,1
342,6
343,1
344,2
345,1
346,3
347,16
348,1
349,1
350,1
351,25
352,1
353,18
354,1
355,2
356,1
357,5
358,3
359,39
360,1
361,2
362,1
363,42
364,38
365,1
366,1
367,225
368,2
369,2
370,2
371,2
372,3
373,1
374,1
375,covering set
376,2
377,3
378,7
379,6
380,12
381,1
382,2
383,1
384,1
385,3
386,2
387,2
388,5
389,5
390,1
391,1
392,1
393,1
394,5
395,covering set
396,1
397,2
398,2
399,1
400,2
401,1
402,1
403,6
404,1
405,1
406,1
407,1
408,22
409,1
410,2
411,78
412,2
413,1
414,3
415,1
416,1
417,15
418,1
419,2
420,1
421,1
422,1
423,1
424,2
425,1
426,17
427,10
428,3
429,2
430,8
431,11
432,9
433,1
434,1
435,18
436,1
437,3
438,1
439,1
440,1
441,2
442,1
443,304
444,2
445,1
446,2
447,1
448,2
449,2
450,3
451,4
452,14
453,3
454,1
455,1
456,31
457,1
458,1
459,6
460,1
461,571
462,4
463,covering set
464,1
465,2
466,1
467,2
468,1
469,25
470,1
471,1
472,25
473,1
474,4
475,2
476,2
477,1
478,1
479,1
480,2
481,1
482,7
483,covering set
484,2
485,32
486,6
487,1
488,5
489,10
490,2
491,2
492,1
493,2
494,9
495,3
496,2
497,2
498,1
499,2
500,1
501,1
502,14
503,3
504,2
505,1
506,1
507,2
508,3
509,1
510,1
511,1
512,1
513,1
514,6
515,2
516,1
517,8
518,4
519,NA
520,2
521,1
522,2
523,44
524,8
525,2
526,1
527,1
528,4
529,76
530,1
531,2
532,1
533,14
534,1
535,3
536,1
537,1
538,1
539,6
540,2
541,2
542,1
543,1
544,2
545,55
546,1
547,4
548,16
549,1
550,1
551,covering set
552,1
553,1
554,3
555,8
556,1
557,1
558,1
559,1
560,3
561,2
562,8
563,2
564,13
565,4
566,1
567,7
568,2
569,3
570,1
571,covering set
572,2
573,16
574,1
575,1
576,1
577,6
578,2
579,12
580,6
581,1
582,39
583,1
584,3646
585,1
586,3
587,2
588,2
589,1
590,1
591,45
592,1
593,55
594,2
595,2
596,1
597,1
598,3
599,23
600,1
601,1
602,2
603,32
604,21
605,1
606,14
607,1
608,14
609,1
610,5
611,46
612,1
613,20
614,1
615,1
616,2
617,4
618,1
619,2
620,6
621,1
622,1
623,1
624,1
625,1
626,1
627,2
628,2
629,1
630,3
631,1
632,28
633,10
634,1
635,2
636,10
637,1
638,1
639,covering set
640,1
641,4
642,9
643,2
644,3
645,2
646,1
647,17
648,7
649,2
650,2
651,4
652,1
653,1
654,3
655,29
656,2
657,1
658,3
659,covering set
660,9
661,4
662,1
663,3
664,1
665,1
666,3
667,4
668,1
669,3
670,1
671,11
672,2
673,3
674,2
675,2
676,1
677,1
678,2
679,13
680,1
681,1
682,1
683,6
684,4
685,1
686,1
687,1
688,1
689,1
690,23
691,18
692,1
693,32
694,2
695,3
696,5
697,2
698,3
699,2
700,2
701,2
702,2
703,1
704,1
705,2
706,1
707,10
708,1
709,1
710,8
711,1
712,2
713,1
714,1
715,20
716,8
717,1
718,3
719,3
720,1
721,2
722,2
723,208
724,1
725,3
726,4
727,covering set
728,1
729,1
730,1
731,4
732,1
733,2
734,1
735,3
736,215
737,3
738,2
739,6
740,1
741,3
742,1
743,3
744,5
745,1
746,1
747,covering set
748,5
749,4
750,4
751,1
752,12
753,1
754,1
755,40
756,1
757,1
758,1
759,1
760,2
761,2
762,7
763,2
764,1
765,3
766,1
767,1
768,21
769,3
770,4
771,10
772,2
773,1
774,1
775,27
776,3
777,2
778,1
779,30
780,1
781,3
782,2
783,1
784,2
785,1
786,2
787,2
788,2
789,1
790,3
791,1
792,1
793,4
794,7
795,2
796,2
797,1
798,1
799,1
800,13
801,3
802,1
803,136
804,2
805,33
806,1
807,3
808,4
809,1
810,1
811,2
812,1
813,1
814,4
815,covering set
816,1
817,3
818,35
819,2
820,3
821,2
822,6
823,51
824,1
825,1
826,2
827,12
828,1
829,1
830,1
831,1
832,3
833,1
834,4
835,covering set
836,3
837,2
838,1
839,1
840,2
841,1
842,1
843,2
844,2
845,7
846,21
847,1
848,2
849,1
850,1
851,12
852,3
853,10
854,2
855,3
856,1
857,1
858,2
859,12
860,1
861,1
862,4
863,5
864,4
865,13
866,3
867,4
868,1
869,12
870,14
871,3
872,1
873,2
874,1
875,2
876,1
877,1
878,1
879,55
880,1
881,4
882,1
883,14
884,2
885,1
886,2
887,1
888,4
889,1
890,1
891,4
892,2
893,1
894,5
895,7
896,2
897,1
898,1
899,8
900,10
901,1
902,4
903,covering set
904,1
905,42
906,3
907,8
908,1
909,2
910,2
911,1
912,7
913,1
914,14
915,1240
916,1
917,1
918,12
919,5
920,5
921,3
922,230
923,covering set
924,1
925,52
926,1
927,5
928,1
929,1
930,1
931,2
932,2
933,3
934,1
935,1
936,4
937,1
938,1
939,28
940,5
941,2
942,7
943,1
944,3
945,1
946,1
947,6
948,2
949,1
950,7
951,1
952,1
953,1
954,1
955,16
956,19
957,12
958,2
959,269
960,1
961,1
962,2
963,3396
964,1
965,1
966,1
967,1
968,2
969,10
970,20
971,2
972,7
973,8
974,1
975,1
976,84
977,1
978,43
979,2
980,4
981,1
982,12
983,11
984,1
985,1
986,1
987,covering set
988,1
989,313
990,2
991,covering set
992,2
993,1
994,2
995,40
996,14
997,2
998,1
999,1
1000,1
1001,2
1002,covering set
1003,2
1004,1
1005,2
1006,5
1007,23
1008,1
1009,2
1010,1
1011,covering set
1012,2
1013,2
1014,1
1015,7
1016,2
1017,4
1018,1
1019,2
1020,2
1021,4
1022,3
1023,3
1024,14
