1,4
2,1
3,3
4,342
5,covering set
6,1
7,covering set
8,119215
9,2
10,3762
11,1
12,1
13,152
14,5
15,1
16,4
17,covering set
18,7
19,covering set
20,1
21,8
22,14
23,3
24,2
25,4
26,1
27,1
28,2
29,covering set
30,1
31,covering set
32,1
33,6
34,2
35,3
36,1
37,2
38,95
39,1
40,6
41,covering set
42,1
43,covering set
44,1
45,2
46,4
47,1
48,8
49,6
50,1
51,1
52,2
53,covering set
54,1
55,covering set
56,1
57,2
58,8
59,5
60,1
61,NA
62,1
63,3
64,2
65,covering set
66,8
67,covering set
68,365239
69,2
70,4
71,3
72,1
73,2
74,5
75,1
76,8
77,covering set
78,2
79,covering set
80,575
81,16
82,474
83,covering set
84,1
85,2
86,1
87,9
88,12
89,covering set
90,5
91,covering set
92,341
93,12
94,2
95,1
96,9
97,2
98,39
99,3
100,2
101,covering set
102,1
103,covering set
104,1
105,2
106,40
107,1
108,350
109,2
110,1
111,1
112,50
113,covering set
114,3
115,covering set
116,23
117,6
118,2
119,5
120,1
121,96
122,14049
123,3
124,3118
125,covering set
126,4
127,covering set
128,3
129,50
130,2
131,1
132,1
133,20
134,1
135,1
136,140
137,covering set
138,15
139,covering set
140,1
141,164
142,2
143,11
144,1
145,4
146,1
147,33
148,4
149,covering set
150,6
151,covering set
152,81
153,64
154,2898
155,1
156,3
157,794
158,3
159,NA
160,32
161,covering set
162,1
163,covering set
164,3
165,58
166,16
167,37
168,2
169,2
170,1
171,45
172,2
173,covering set
174,1
175,covering set
176,1
177,2
178,62
179,5
180,18
181,4
182,covering set
183,7
184,119214
185,covering set
186,1
187,covering set
188,11
189,2
190,2
191,3
192,5
193,6
194,1
195,1
196,8
197,covering set
198,2
199,covering set
200,3
201,3820
202,2
203,3
204,3
205,4
206,153
207,1
208,6
209,covering set
210,1
211,covering set
212,1
213,12
214,190
215,1
216,1
217,2
218,3
219,1
220,2
221,covering set
222,1
223,covering set
224,1
225,2
226,4
227,5
228,7
229,6
230,3761
231,1
232,36
233,covering set
234,2
235,covering set
236,13
237,2
238,8
239,1
240,1
241,8
242,5
243,NA
244,NA
245,covering set
246,1
247,covering set
248,NA
249,6
250,6
251,1
252,2
253,2
254,1
255,5
256,12
257,covering set
258,2
259,covering set
260,1
261,24
262,2
263,3
264,1
265,92
266,3
267,1085
268,2
269,covering set
270,1
271,covering set
272,1
273,10
274,2
275,1
276,12
277,6
278,3
279,1
280,6
281,covering set
282,4
283,covering set
284,67
285,4
286,4
287,1
288,6
289,2
290,5
291,1
292,6
293,covering set
294,1
295,covering set
296,1
297,12
298,80
299,151
300,4
301,4
302,1
303,47
304,2
305,covering set
306,1
307,covering set
308,27
309,NA
310,2
311,3
312,1
313,34
314,89
315,1
316,20
317,covering set
318,11
319,covering set
320,9
321,8
322,4
323,75
324,5
325,8
326,1
327,1
328,70
329,covering set
330,1
331,covering set
332,129
333,2
334,322
335,1
336,4
337,2
338,3
339,5
340,6
341,covering set
342,1
343,covering set
344,3
345,2
346,272
347,33
348,264
349,2
350,13
351,1
352,4
353,covering set
354,7
355,covering set
356,13
357,2
358,4
359,1
360,3
361,12
362,1
363,NA
364,2
365,covering set
366,1
367,covering set
368,3
369,330
370,2
371,11
372,108
373,2
374,755
375,3
376,NA
377,covering set
378,32
379,covering set
380,1
381,8
382,12
383,339
384,10
385,2
386,27
387,1
388,2
389,covering set
390,1
391,covering set
392,109
393,4
394,NA
395,3
396,1
397,10
398,NA
399,3
400,4
401,covering set
402,5
403,covering set
404,1
405,2
406,136
407,5
408,2
409,NA
410,1
411,31
412,8
413,covering set
414,6
415,covering set
416,3
417,6
418,358
419,covering set
420,1
421,8
422,25
423,1119
424,70
425,covering set
426,5
427,covering set
428,7
429,38
430,2
431,1
432,4
433,NA
434,13
435,1
436,4
437,covering set
438,4
439,covering set
440,17
441,4
442,4
443,1351
444,11
445,2
446,1
447,covering set
448,2
449,covering set
450,1
451,covering set
452,401
453,4
454,NA
455,1
456,841
457,2
458,3
459,1
460,4
461,covering set
462,1
463,covering set
464,5
465,1680
466,4
467,265
468,56
469,6
470,579
471,1
472,2
473,covering set
474,1
475,covering set
476,1
477,124
478,4
479,3
480,3
481,4
482,1
483,7
484,10
485,covering set
486,3
487,covering set
488,7
489,2
490,2
491,1
492,1
493,2
494,1
495,1
496,32
497,covering set
498,2
499,covering set
500,15
501,44
502,64
503,NA
504,1
505,2
506,13
507,5
508,2
509,covering set
510,1
511,covering set
512,1
513,24
514,18
515,1
516,3
517,82
518,11
519,3
520,86
521,covering set
522,1
523,covering set
524,5
525,2
526,4
527,249
528,3
529,2
530,3
531,23
532,2
533,covering set
534,2
535,covering set
536,1
537,12
538,2
539,1
540,1
541,4
542,45
543,3
544,NA
545,covering set
546,5
547,covering set
548,83
549,66
550,38
551,1
552,1
553,8
554,1
555,3
556,60
557,covering set
558,142
559,covering set
560,1
561,8
562,6
563,47
564,1
565,6
566,41
567,1
568,16
569,covering set
570,2
571,covering set
572,33
573,NA
574,2
575,3
576,1
577,2
578,11
579,1
580,2
581,covering set
582,1
583,covering set
584,3
585,2
586,4
587,137
588,6
589,NA
590,3
591,165
592,32
593,covering set
594,2
595,covering set
596,1
597,2
598,2
599,407
600,10
601,52
602,9
603,31
604,1918
605,covering set
606,4
607,covering set
608,359
609,226
610,16
611,1
612,5
613,4
614,9
615,1
616,60
617,covering set
618,2
619,covering set
620,5
621,4
622,404
623,779
624,2
625,2
626,3
627,1
628,210
629,covering set
630,2
631,covering set
632,1
633,2
634,NA
635,15
636,1
637,4
638,35
639,1
640,8
641,covering set
642,1
643,covering set
644,1
645,2
646,216
647,69
648,3
649,NA
650,1
651,1
652,2
653,covering set
654,11
655,covering set
656,3
657,2
658,2
659,143
660,6
661,12
662,1
663,27
664,2
665,covering set
666,1
667,covering set
668,3
669,2
670,2856
671,1
672,1493
673,196
674,3
675,15
676,4
677,covering set
678,19
679,covering set
680,1
681,92
682,2
683,23
684,1
685,2
686,9
687,1
688,58
689,covering set
690,32
691,covering set
692,1
693,2
694,2
695,1
696,5
697,16
698,3
699,1
700,4
701,covering set
702,2
703,covering set
704,1
705,28
706,32
707,13
708,4
709,2
710,17
711,585
712,4
713,covering set
714,1
715,covering set
716,5
717,24
718,10
719,1
720,1
721,4
722,1
723,3
724,150
725,covering set
726,1
727,covering set
728,23
729,1814
730,14
731,147
732,6
733,46
734,1
735,5
736,12
737,covering set
738,42
739,covering set
740,1
741,covering set
742,2
743,43
744,2
745,20
746,1
747,25
748,4
749,covering set
750,5
751,covering set
752,45
753,20
754,106
755,175
756,1
757,2
758,3871
759,5
760,8
761,covering set
762,28
763,covering set
764,1
765,2
766,NA
767,1
768,4
769,10
770,7
771,1
772,2
773,covering set
774,3
775,covering set
776,1907
777,10
778,2
779,3
780,2
781,12
782,1
783,7
784,2
785,covering set
786,5
787,covering set
788,27
789,94
790,4
791,1
792,1
793,4
794,1901
795,3
796,1756
797,covering set
798,7
799,covering set
800,1
801,68
802,2
803,3
804,1
805,2
806,1
807,1
808,2
809,covering set
810,3
811,covering set
812,5
813,20
814,50
815,45
816,4
817,4
818,35
819,1
820,2
821,covering set
822,2
823,covering set
824,1
825,2
826,4
827,1
828,3
829,NA
830,5
831,3
832,4
833,covering set
834,1
835,covering set
836,3
837,6
838,10
839,1
840,4
841,1752
842,2157
843,3
844,2
845,covering set
846,7
847,covering set
848,7
849,covering set
850,NA
851,1
852,1
853,2
854,51
855,1
856,4
857,covering set
858,3
859,covering set
860,5
861,20
862,2
863,15
864,2
865,2
866,1
867,5
868,16
869,covering set
870,1
871,covering set
872,5
873,4
874,94
875,3
876,1
877,2
878,covering set
879,1
880,18
881,covering set
882,1
883,covering set
884,1
885,2
886,68
887,129
888,2
889,38
890,1
891,1
892,104
893,covering set
894,1
895,covering set
896,3
897,2
898,4
899,75
900,2
901,NA
902,1
903,47
904,30
905,covering set
906,5
907,covering set
908,7
909,14
910,32
911,1
912,1
913,2
914,1
915,3
916,4
917,covering set
918,3
919,covering set
920,5
921,16
922,NA
923,3083
924,2
925,18
926,3
927,9
928,2
929,covering set
930,1
931,covering set
932,5
933,10
934,2
935,1
936,1
937,4
938,35
939,1
940,2
941,covering set
942,5
943,covering set
944,1
945,4
946,124
947,1
948,2
949,170
950,1
951,1
952,2
953,covering set
954,1
955,covering set
956,1
957,4
958,2
959,9
960,6
961,64
962,9
963,1331
964,6
965,covering set
966,32
967,covering set
968,23
969,2
970,2
971,15
972,NA
973,8
974,9
975,1
976,56
977,covering set
978,3
979,covering set
980,1
981,4
982,4
983,3
984,6
985,58
986,1
987,1
988,242
989,covering set
990,5
991,covering set
992,1
993,2
994,6
995,1
996,5
997,14
998,3
999,1
1000,2
1001,covering set
1002,4
1003,covering set
1004,3513
1005,104
1006,covering set
1007,NA
1008,3
1009,138
1010,9
1011,5
1012,2
1013,covering set
1014,2
1015,covering set
1016,1
1017,2
1018,2
1019,1
1020,3
1021,NA
1022,1
1023,11
1024,6
