1,1
2,1
3,7
4,1
5,1
6,3
7,1
8,4
9,2
10,1
11,1
12,1
13,2
14,1
15,1
16,1
17,1
18,3
19,2
20,2
21,5
22,1
23,2
24,1
25,1
26,3
27,1
28,3
29,1
30,10
31,17
32,2
33,2
34,1
35,1
36,1
37,2
38,2
39,1
40,8
41,1
42,4
43,2
44,1
45,2
46,1
47,1
48,2
49,1
50,1
51,1
52,4
53,10
54,2
55,6
56,1
57,1
58,4
59,282
60,2
61,1
62,1
63,2
64,2
65,1
66,3
67,1
68,3
69,1
70,2
71,3
72,1
73,4
74,1
75,13
76,1
77,1
78,2
79,1
80,1
81,1
82,1
83,3
84,6
85,1
86,25
87,1
88,2
89,1
90,1
91,1
92,1
93,3
94,1
95,1
96,1
97,4
98,2
99,2
100,1
101,3
102,1
103,6
104,1
105,3
106,1
107,12
108,2
109,13
110,4
111,1
112,1
113,2
114,5
115,1
116,148
117,6
118,4
119,6
120,1
121,1
122,2
123,43
124,22
125,1
126,1
127,1
128,3
129,1
130,2
131,1
132,1
133,4
134,1
135,12
136,5
137,1
138,2
139,5
140,1
141,9
142,5
143,2
144,3
145,4
146,NA
147,2
148,7
149,5
150,1
151,1
152,2
153,2
154,2
155,1
156,5
157,1
158,8
159,11
160,1
161,1
162,4
163,4
164,1
165,1
166,1
167,1
168,2
169,1
170,4
171,1
172,1
173,3
174,2
175,2
176,4
177,1
178,19
179,1
180,2
181,43
182,1
183,3
184,1
185,3
186,1
187,1
188,3
189,33
190,2
191,1
192,6
193,3
194,1
195,4
196,27
197,1
198,16
199,1
200,1
201,7
202,1
203,2
204,2
205,1
206,1
207,2
208,92
209,1
210,1
211,12
212,1
213,18
214,2
215,1
216,725
217,9
218,43
219,1
220,3
221,1
222,1
223,12
224,3
225,1
226,1
227,64
228,2
229,29
230,2
231,1
232,2
233,2
234,1
235,1
236,1
237,1
238,3
239,2
240,4
241,4
242,1
243,3
244,1
245,1
246,8
247,1
248,2
249,49
250,1
251,3
252,1
253,3
254,1
255,2
256,27
257,1
258,4
259,1
260,1
261,1
262,6
263,3
264,1
265,6
266,5
267,1
268,2
269,6
270,1
271,1
272,1
273,2
274,1
275,2
276,21
277,1
278,8
279,2
280,1
281,5
282,9
283,2
284,2
285,2
286,1
287,4
288,7
289,1
290,1
291,32
292,2
293,14
294,1
295,3
296,1
297,1
298,18
299,1
300,5
301,1
302,1
303,3
304,1
305,9
306,4
307,1
308,2
309,2
310,1
311,1
312,1
313,970
314,1
315,1
316,1
317,4
318,3
319,1
320,4
321,4
322,2
323,776
324,11
325,5
326,3
327,1
328,55
329,3
330,1
331,9
332,1
333,7
334,3
335,2
336,3
337,1
338,4
339,7
340,1
341,1
342,44
343,2
344,2
345,1
346,1
347,33
348,3
349,2
350,2
351,1
352,1
353,2
354,3
355,1
356,1
357,6
358,2
359,1
360,2
361,7
362,2
363,2
364,1
365,1
366,4
367,20
368,2
369,1
370,3
371,1
372,2
373,3
374,1
375,1
376,1
377,4
378,2
379,1
380,1
381,5
382,20
383,12
384,1
385,1
386,1
387,1
388,2
389,1
390,2
391,1
392,1
393,4
394,6
395,1
396,7
397,1
398,4
399,1
400,4
401,4
402,1
403,406
404,1
405,803
406,1
407,2
408,8
409,2
410,9
411,4
412,2
413,2
414,1
415,1
416,20
417,1
418,50
419,1
420,2
421,1
422,2
423,3
424,2
425,1
426,9
427,20
428,11
429,5
430,1
431,11
432,1
433,31
434,1
435,2
436,40
437,1
438,2
439,2
440,2
441,137
442,1
443,2
444,1
445,53
446,9
447,1
448,3
449,2
450,1
451,4
452,1
453,10
454,1
455,2
456,3
457,2
458,3
459,1
460,3
461,4
462,18
463,103
464,2
465,6
466,1
467,1
468,7
469,13
470,2
471,7
472,1
473,3
474,2
475,2
476,1
477,2
478,2
479,5
480,1
481,1
482,2
483,16
484,1
485,1
486,4
487,5
488,4
489,1
490,1
491,1
492,9
493,3
494,1594
495,2
496,3
497,1
498,2
499,2
500,3
501,1
502,1
503,14
504,2
505,2
506,1
507,1
508,2
509,1
510,1
511,55
512,2
513,7
514,6
515,2
516,1
517,6
518,4
519,1
520,1
521,1
522,6
523,6
524,3
525,3
526,36
527,1
528,6
529,1
530,3
531,1
532,1
533,2
534,2
535,9
536,1
537,2
538,3
539,82
540,1
541,1
542,1
543,2
544,1
545,1
546,1
547,5
548,2
549,1
550,1
551,8
552,100
553,14
554,1
555,1
556,1
557,1
558,2
559,6
560,1
561,9
562,1
563,18
564,2
565,2
566,1
567,1
568,99
569,3
570,2
571,999
572,25
573,3
574,1
575,1
576,3
577,4
578,2
579,9
580,2
581,4
582,21
583,7
584,2
585,1
586,4
587,1
588,4
589,1
590,1
591,4
592,2
593,32
594,1
595,1
596,1
597,2
598,14
599,1
600,8
601,1
602,1
603,38
604,6
605,1
606,4
607,2
608,15
609,1
610,2
611,1
612,1
613,3
614,7
615,5
616,11
617,8
618,3
619,1
620,1
621,1
622,1
623,4
624,2
625,2
626,1
627,5
628,50
629,79
630,51
631,1
632,8
633,18
634,6
635,1
636,4
637,1
638,8
639,2
640,1
641,8
642,1
643,11
644,1
645,1
646,1
647,2
648,2
649,2
650,1
651,1
652,1
653,10
654,1
655,1
656,256
657,1
658,2
659,1
660,1
661,8
662,4
663,2
664,1
665,1
666,3
667,5
668,2
669,2
670,3
671,1
672,4
673,2
674,2
675,3
676,4
677,2
678,3
679,1
680,3
681,1
682,9
683,2
684,17
685,1
686,39
687,1
688,3
689,7
690,2
691,3
692,1
693,2
694,1
695,3
696,1
697,4
698,3
699,5
700,5
701,1
702,2
703,3
704,1
705,4
706,60
707,1
708,2
709,1
710,5
711,11
712,1
713,4
714,1
715,1
716,3
717,2
718,6
719,1
720,1
721,7
722,9
723,2
724,143
725,2
726,232
727,1
728,2
729,7
730,1
731,1
732,6
733,1751
734,5
735,6
736,81
737,1
738,3
739,1
740,1
741,1
742,2
743,3
744,7
745,2
746,3
747,8
748,2
749,1
750,1
751,7
752,1
753,3
754,2
755,26
756,1
757,16
758,2
759,2
760,3
761,1
762,2
763,2
764,1
765,3
766,3
767,1
768,4
769,11
770,1
771,1
772,1
773,200
774,1
775,1
776,1
777,1
778,4
779,2
780,1
781,3
782,1
783,12
784,2
785,3
786,8
787,1
788,30
789,1
790,3
791,121
792,2
793,100
794,1
795,2
796,8
797,2
798,11
799,19
800,3
801,8
802,16
803,2
804,3
805,1
806,1
807,12
808,2
809,1
810,8
811,1
812,2
813,4
814,2
815,1
816,12
817,1
818,2
819,3
820,1
821,13
822,1
823,2
824,1
825,5
826,12
827,5
828,4
829,2
830,4
831,1
832,1
833,2
834,14
835,4
836,3
837,13
838,2
839,17
840,9
841,1
842,18
843,4
844,1
845,2
846,1
847,16
848,4
849,1
850,1
851,4
852,1
853,6
854,1
855,2
856,3
857,2
858,10
859,2
860,9
861,1
862,1
863,7
864,3
865,4
866,4
867,4
868,16
869,1
870,8
871,NA
872,1
873,2
874,1
875,1
876,40
877,9
878,3
879,6
880,2
881,1
882,1
883,2
884,2
885,1
886,1
887,6
888,3
889,6
890,5
891,32
892,1
893,2
894,1
895,2
896,1
897,1
898,7
899,1
900,22
901,1
902,1
903,2
904,22
905,1
906,19
907,2
908,3
909,1
910,4
911,4
912,1
913,4
914,2
915,1
916,7
917,2
918,2
919,1
920,7
921,3
922,2
923,18
924,1
925,2
926,3
927,5
928,8
929,2
930,1
931,16
932,1
933,3
934,1
935,1
936,1
937,1
938,2
939,1
940,1
941,1
942,4
943,3
944,7
945,4
946,1
947,1
948,8
949,1
950,1
951,4
952,8
953,23
954,1
955,9
956,1
957,4
958,4
959,1
960,1
961,59
962,5
963,2
964,1
965,1
966,3
967,1
968,2
969,2
970,10
971,5
972,2
973,3
974,1
975,5
976,1
977,8
978,3
979,2
980,1
981,4
982,4
983,6
984,13
985,1
986,1
987,16
988,2
989,7
990,3
991,1
992,18
993,2
994,11
995,3
996,45
997,1
998,2
999,7
1000,1
1001,1
1002,1
1003,3
1004,1
1005,20
1006,3
1007,2
1008,3
1009,7
1010,3
1011,1
1012,6
1013,2
1014,1
1015,2
1016,228
1017,1
1018,27
1019,1
1020,6
1021,3
1022,1
1023,3
1024,7
