1,1
2,1
3,3
4,6
5,1
6,1
7,1
8,1
9,1
10,2
11,1
12,1023
13,2
14,1
15,3
16,2
17,9
18,1
19,1
20,1
21,1
22,1
23,1
24,2
25,1
26,4
27,1
28,1
29,4
30,31
31,2
32,12
33,1
34,1
35,1
36,2
37,2
38,8
39,1
40,1
41,1
42,4
43,1
44,1
45,38
46,1
47,3
48,2
49,1
50,3
51,1
52,5
53,2
54,1
55,8
56,4
57,1
58,1
59,2
60,1
61,1
62,1
63,2
64,2
65,1
66,5
67,1
68,6
69,17
70,8
71,1
72,1
73,2
74,1
75,1
76,1
77,1
78,1
79,1
80,3
81,2
82,3
83,644
84,1
85,1
86,1
87,2
88,2
89,1
90,2
91,1
92,17
93,1
94,14
95,1
96,6
97,11
98,3
99,1
100,1
101,2
102,1
103,3
104,1
105,11
106,1
107,3
108,36
109,1
110,1
111,1
112,1
113,1
114,3
115,3
116,8
117,1
118,1
119,1
120,5
121,1
122,9
123,1
124,3
125,2
126,6
127,6
128,2
129,2
130,7
131,1
132,2
133,2
134,1
135,1
136,2
137,1
138,3
139,2
140,1
141,1
142,1
143,5
144,1
145,27
146,178
147,3
148,1
149,3
150,5
151,5
152,1
153,1
154,1
155,1
156,2
157,2
158,9
159,10
160,1
161,1
162,1
163,2
164,3
165,1
166,3
167,1
168,2
169,15
170,1
171,3
172,3
173,1
174,2
175,3
176,1
177,9
178,2
179,7
180,4
181,1
182,4
183,2
184,1
185,107
186,1
187,22
188,1
189,2
190,1
191,6
192,2
193,1
194,1
195,1
196,1
197,2
198,4
199,18
200,2
201,7
202,2
203,1
204,1
205,1
206,2
207,1
208,4
209,1
210,1
211,2
212,1
213,3
214,1
215,1
216,1
217,6
218,2
219,1
220,14
221,2
222,1
223,1
224,20
225,13
226,1
227,2
228,1
229,1
230,4
231,1
232,1
233,1
234,2
235,2
236,3
237,14
238,3
239,5
240,6
241,2
242,5064
243,3
244,1
245,1
246,2
247,1
248,8
249,2
250,3
251,4
252,1
253,1
254,1
255,3
256,1
257,13
258,1
259,110
260,1
261,11
262,9
263,2
264,31
265,1
266,3
267,1
268,3
269,2
270,1
271,9
272,1
273,1
274,1
275,2
276,2
277,1
278,NA
279,19
280,2
281,1
282,1
283,3
284,1
285,4
286,1
287,11
288,1
289,2
290,12
291,1
292,1
293,361
294,1
295,6
296,2
297,2
298,1
299,1
300,1
301,3
302,4
303,1
304,2
305,1
306,1
307,53
308,1
309,7
310,2
311,1760
312,10
313,1
314,1
315,2
316,9
317,1
318,8
319,3
320,1
321,1
322,1
323,2
324,1
325,3
326,1
327,1
328,2
329,1
330,1
331,1
332,2
333,2
334,4
335,2
336,6
337,1
338,1
339,2
340,3
341,4
342,34
343,2
344,1
345,2
346,6
347,1
348,3
349,7
350,1
351,1
352,2
353,2
354,2
355,1
356,2
357,1
358,3
359,1
360,1022
361,1
362,1
363,1
364,3
365,5
366,2
367,3
368,4
369,1
370,35
371,1
372,1
373,6
374,5
375,1
376,1
377,1
378,2
379,11
380,6
381,3
382,2
383,1
384,2
385,1
386,2
387,7
388,3
389,3
390,1
391,1
392,3
393,6
394,1
395,2
396,9
397,12
398,1
399,1
400,25
401,2
402,3
403,4
404,40
405,1
406,5
407,1
408,1
409,3
410,1
411,6
412,2
413,1
414,1
415,1
416,9
417,1
418,1
419,16
420,1
421,2
422,4
423,14
424,1
425,4
426,1
427,2
428,1
429,8
430,6
431,3
432,6
433,5
434,1
435,26
436,4
437,2
438,2
439,1
440,2
441,21
442,13
443,1
444,2
445,3
446,1
447,1
448,1
449,6
450,2
451,2
452,3
453,1
454,10
455,20
456,1
457,1
458,2
459,3
460,172
461,1
462,2
463,1
464,1
465,36
466,2
467,1
468,5
469,1
470,2
471,5
472,11
473,2
474,1
475,1
476,1
477,44
478,1
479,198
480,1
481,1
482,1
483,3
484,4
485,1
486,2
487,2
488,7
489,2
490,3
491,1
492,1
493,2
494,1
495,1
496,2
497,4
498,3
499,3
500,2
501,1
502,1
503,1
504,1
505,2
506,2
507,72
508,1
509,1
510,8
511,1
512,1
513,1
514,12
515,1
516,6
517,1
518,1
519,2
520,1
521,30
522,1
523,4
524,4
525,3
526,15
527,4
528,8
529,2
530,1
531,4
532,2
533,1
534,7
535,2
536,2
537,1
538,1
539,2
540,40
541,1
542,230
543,2
544,69
545,19
546,1
547,1
548,2
549,2
550,1
551,18
552,1
553,2
554,5
555,1
556,6
557,1463
558,1
559,1654
560,2
561,1
562,8
563,3
564,1
565,28
566,1
567,1
568,1
569,2
570,2
571,4
572,3
573,1
574,3
575,2
576,3
577,2
578,1
579,1
580,1
581,1
582,2
583,1
584,20
585,1
586,1
587,5
588,NA
589,4
590,8
591,2
592,1
593,1
594,2
595,1
596,1
597,1
598,2
599,1
600,58
601,2
602,1
603,7
604,1
605,2
606,1
607,1
608,2
609,3
610,1
611,3
612,2
613,8
614,9
615,1
616,1
617,2
618,1
619,3
620,6
621,300
622,1
623,1
624,11
625,2
626,2
627,2
628,6
629,2
630,3
631,3
632,3
633,96
634,2
635,1
636,1
637,1
638,1
639,11
640,2
641,1
642,3
643,2
644,3
645,7
646,1
647,17
648,1
649,1
650,1
651,1
652,2
653,3
654,33
655,5
656,1
657,2
658,5
659,4936
660,1
661,3
662,1
663,1
664,8
665,2
666,6
667,1
668,2
669,1
670,1
671,2
672,1
673,3
674,3
675,9
676,2
677,114
678,1
679,2
680,4
681,1
682,3
683,2
684,1
685,1
686,2
687,1
688,1
689,3
690,13
691,1
692,28
693,3
694,2
695,1
696,153
697,2
698,3
699,11837
700,1
701,1
702,1
703,98
704,1
705,3
706,5
707,1
708,2
709,3
710,6
711,13
712,169
713,1
714,44
715,8
716,1
717,3
718,14
719,3
720,1
721,8
722,1
723,2
724,2
725,1
726,3
727,2
728,1
729,1
730,7
731,5
732,1
733,1
734,2
735,1
736,2
737,1
738,143
739,1
740,1135
741,2
742,2
743,1
744,4
745,48
746,1
747,6
748,1
749,9
750,1
751,1
752,9
753,2
754,1
755,1
756,2
757,9
758,1
759,5
760,7
761,7
762,1
763,14
764,1
765,8
766,8
767,1
768,1
769,1
770,16
771,1
772,3
773,2
774,9
775,1
776,8
777,1
778,2
779,1
780,3
781,1
782,1
783,5
784,4
785,4
786,1
787,60
788,2
789,1
790,2
791,134
792,1
793,7
794,2
795,16
796,28
797,1
798,3
799,1
800,1
801,2
802,1
803,1
804,1
805,1
806,1
807,2
808,2
809,9
810,18
811,1
812,224
813,1
814,1
815,33
816,1
817,7
818,25
819,1
820,4
821,1
822,3
823,1
824,4
825,4
826,1
827,2
828,1
829,2
830,8
831,7
832,2
833,2
834,16
835,11
836,23
837,1
838,10
839,1
840,5
841,3
842,1
843,3
844,1
845,30
846,7
847,1
848,2
849,1
850,3
851,3
852,1
853,7
854,1
855,96
856,2
857,2
858,1
859,1
860,1
861,2
862,4
863,15
864,29
865,1
866,1
867,covering set
868,1
869,10
870,3
871,9
872,1
873,7
874,4
875,1
876,3
877,7
878,2
879,1
880,42
881,1
882,4
883,3
884,2
885,8
886,6
887,3
888,1
889,4
890,1
891,1
892,11
893,4
894,1
895,2
896,1
897,7
898,1
899,2
900,30
901,1
902,1
903,1
904,2
905,2
906,2
907,1
908,1
909,1
910,2
911,7
912,1
913,20
914,46
915,4
916,1
917,2
918,1
919,4
920,3
921,1
922,9
923,1
924,6
925,1
926,3
927,6
928,6
929,3
930,1
931,10
932,1
933,5
934,2
935,1
936,1
937,1
938,2
939,12
940,1
941,3
942,3
943,6
944,2
945,1
946,2
947,1
948,3
949,7
950,4
951,2
952,4
953,1
954,1
955,9
956,2
957,1
958,4
959,1
960,11
961,2
962,2
963,5
964,1
965,8
966,4
967,2
968,58
969,3
970,1
971,1
972,5
973,1
974,1
975,1
976,96
977,1
978,4
979,4
980,1
981,6
982,12
983,9
984,6
985,1
986,1
987,1
988,1
989,1
990,2
991,21
992,1
993,2
994,6
995,1
996,1
997,2
998,3
999,16
1000,2
1001,5
1002,6
1003,1
1004,41
1005,3
1006,1
1007,1
1008,1
1009,1
1010,10
1011,2
1012,3
1013,1
1014,1
1015,10
1016,3
1017,2
1018,3
1019,2
1020,31
1021,1
1022,1
1023,2
1024,2
