1,1
2,1
3,1
4,1
5,1
6,2
7,1
8,1
9,1
10,1
11,2
12,2
13,1
14,1
15,1
16,2
17,1
18,1
19,3
20,2
21,2
22,1
23,1
24,1
25,1
26,2
27,1
28,1
29,3
30,4
31,4
32,1
33,3
34,1
35,1
36,2
37,1
38,3
39,1
40,2
41,4
42,2
43,1
44,1
45,1
46,4
47,2
48,1
49,1
50,1
51,46
52,3
53,1
54,3
55,2
56,12
57,1
58,1
59,1
60,1
61,2
62,1
63,2
64,1
65,2
66,6
67,1
68,3
69,1
70,1
71,2
72,2
73,1
74,3
75,2
76,2
77,1
78,1
79,1
80,1
81,2
82,5
83,2
84,1
85,2
86,108
87,1
88,1
89,167
90,4
91,4
92,2
93,1
94,291
95,1
96,18
97,1
98,1
99,1
100,1
101,66
102,1
103,8
104,1
105,1
106,2
107,2
108,1
109,3
110,2
111,2
112,1
113,1
114,1
115,1
116,2
117,2
118,2
119,3
120,3
121,4
122,1
123,3
124,3
125,1
126,2
127,1
128,2
129,207
130,1
131,6
132,2
133,2
134,1
135,1
136,6
137,15
138,9
139,1
140,7
141,4
142,1
143,1
144,1
145,3
146,8
147,4
148,1
149,1
150,1
151,2
152,2
153,1
154,1
155,2
156,4
157,4
158,1
159,3
160,1
161,2
162,2
163,1
164,3
165,1
166,2
167,1
168,1
169,1
170,1
171,4
172,2
173,3
174,103
175,1
176,228
177,1
178,3
179,1
180,5
181,2
182,2
183,1
184,3
185,3
186,NA
187,3
188,1
189,1
190,1
191,2
192,1
193,1
194,3
195,2
196,2
197,1
198,2
199,1
200,6
201,2
202,1
203,1
204,45
205,1
206,4
207,1
208,2
209,5
210,2
211,10
212,1
213,1
214,1
215,5
216,2
217,33
218,2
219,1
220,1
221,4
222,23
223,4
224,11
225,3
226,2
227,6
228,3
229,3
230,1
231,2
232,1
233,1
234,1
235,1
236,2
237,2
238,1
239,3
240,3
241,18
242,2
243,2
244,1
245,2
246,8
247,3
248,1
249,1
250,2
251,4
252,1
253,1
254,3
255,1
256,4
257,3
258,1
259,19
260,1
261,2
262,1
263,9
264,5
265,1
266,4
267,1
268,2
269,1
270,7
271,2
272,2
273,1
274,1
275,1
276,4
277,1
278,2
279,1
280,2
281,2
282,1
283,15
284,1
285,2
286,26
287,1
288,1
289,5
290,9
291,2
292,2
293,58
294,5
295,1
296,2
297,3
298,1
299,3
300,1
301,2
302,4
303,1
304,1
305,2
306,6
307,1
308,3
309,1
310,3
311,4
312,1
313,2
314,1
315,3
316,4
317,3
318,3
319,1
320,3
321,16
322,1
323,1
324,1
325,1
326,8
327,2
328,4
329,1
330,1
331,2
332,1
333,3
334,3
335,2
336,4
337,2
338,3
339,13
340,1
341,44
342,4
343,1
344,107
345,1
346,6
347,1
348,2
349,5
350,1
351,6
352,1
353,6
354,11
355,3
356,166
357,1
358,1
359,1
360,3
361,14
362,2
363,1
364,3
365,1
366,2
367,6
368,1
369,71
370,1
371,2
372,1
373,1
374,1
375,3
376,290
377,1
378,4
379,7
380,2
381,10
382,2
383,3
384,17
385,4
386,4
387,1
388,1
389,35
390,6
391,2
392,1
393,3
394,7
395,19
396,2
397,2
398,5
399,1
400,1
401,6
402,1
403,1
404,65
405,1
406,6
407,5
408,2
409,1
410,1
411,2
412,7
413,2
414,1
415,3
416,6
417,1
418,2
419,covering set
420,3
421,2
422,1
423,1
424,1
425,2
426,8
427,1
428,1
429,3
430,1
431,4
432,6
433,1
434,5
435,1
436,2
437,3
438,1
439,3
440,1
441,2
442,3
443,11
444,1
445,2
446,24
447,1
448,4
449,1
450,1
451,6
452,2
453,5
454,5
455,1
456,2
457,4
458,10
459,9
460,5
461,2
462,2
463,3
464,1
465,1
466,2
467,5
468,1
469,1
470,9
471,2
472,1
473,1
474,29
475,1
476,2
477,3
478,1
479,9
480,2
481,32
482,1
483,1
484,3
485,1
486,6
487,1
488,5
489,25
490,2
491,6
492,2
493,1
494,1
495,8
496,2
497,11
498,1
499,1
500,3
501,2
502,5
503,2
504,1
505,2
506,2
507,1
508,5
509,3
510,2
511,4
512,1
513,1
514,139
515,3
516,206
517,1
518,1
519,5
520,1
521,10
522,1
523,2
524,5
525,3
526,14
527,3
528,1
529,3
530,5
531,4
532,1
533,2
534,1
535,1
536,18
537,3
538,1
539,1
540,1
541,4
542,6
543,2
544,5
545,1
546,2
547,2
548,14
549,21
550,3
551,2
552,8
553,1
554,1
555,1
556,6
557,1
558,2
559,1
560,6
561,4
562,3
563,1
564,3
565,2
566,2
567,1
568,1
569,47
570,1
571,2
572,3
573,1
574,1
575,2
576,4
577,1
578,2
579,3
580,2
581,28
582,19
583,1
584,7
585,1
586,2
587,5
588,3
589,1
590,1
591,28
592,2
593,2
594,1
595,1
596,48
597,1
598,1
599,19
600,2
601,8
602,5
603,2
604,1
605,3
606,2
607,6
608,1
609,1
610,1
611,2
612,7
613,3
614,3
615,7
616,2
617,1
618,1
619,1
620,1
621,6
622,4
623,2
624,3
625,4
626,4
627,3
628,3
629,1
630,1
631,72
632,2
633,6
634,3
635,9
636,2
637,1
638,4
639,1
640,3
641,12
642,2
643,2
644,1
645,2
646,2
647,1
648,1
649,11
650,2
651,4
652,1
653,3
654,1
655,1
656,2
657,2
658,1
659,covering set
660,5
661,4
662,1
663,3
664,1
665,1
666,2
667,3
668,3
669,1
670,9
671,4
672,1
673,1
674,5
675,3
676,6
677,26
678,1
679,3
680,1
681,4
682,1
683,1
684,3
685,1
686,2
687,1
688,1
689,1
690,4
691,2
692,2
693,4
694,1
695,3
696,102
697,1
698,3
699,1
700,1
701,2
702,6
703,4
704,227
705,3
706,10
707,3
708,1
709,1
710,1
711,6
712,2
713,2
714,1
715,1
716,4
717,6
718,2
719,5
720,4
721,4
722,2
723,3
724,1
725,1
726,2
727,1
728,1
729,1
730,2
731,66
732,4
733,6
734,7
735,3
736,2
737,1
738,1
739,1
740,2
741,4
742,1
743,1
744,NA
745,3
746,4
747,2
748,2
749,5
750,1
751,6
752,4
753,2
754,5
755,2
756,2
757,2
758,9
759,1
760,1
761,54
762,1
763,4
764,1
765,1
766,3196
767,2
768,2
769,7
770,3
771,18
772,1
773,1
774,3
775,2
776,2
777,1
778,5
779,1
780,1
781,2
782,8
783,28
784,1
785,3
786,2
787,4
788,1
789,3
790,2
791,2
792,1
793,2
794,covering set
795,1
796,6
797,1
798,5
799,3
800,5
801,6
802,1
803,2
804,1
805,1
806,28
807,1
808,3
809,29
810,21
811,8
812,5
813,1
814,1
815,1
816,44
817,3
818,1
819,5
820,2
821,6
822,3
823,3
824,3
825,1
826,2
827,1
828,1
829,9
830,3
831,2
832,1
833,7
834,3
835,3
836,4
837,3
838,3
839,1217
840,1
841,2
842,1
843,1
844,9
845,2
846,2
847,1
848,2
849,45
850,3
851,292
852,2
853,1
854,7
855,2
856,2
857,471
858,1
859,5
860,4
861,6
862,1
863,1
864,1
865,1
866,18
867,1
868,32
869,3
870,2
871,4
872,1
873,8
874,11
875,5
876,6
877,2
878,1
879,1
880,2
881,8
882,1
883,1
884,3
885,1
886,2
887,6
888,22
889,1
890,1
891,4
892,3
893,3
894,9
895,1
896,10
897,5
898,1
899,7
900,2
901,6
902,11
903,1
904,1
905,40
906,10
907,3
908,5
909,1
910,2
911,6
912,2
913,9
914,97
915,9
916,2
917,1
918,1
919,1
920,6
921,2
922,2
923,1
924,1
925,1
926,8
927,1
928,3
929,3
930,4
931,2
932,4
933,1
934,9
935,2
936,44
937,4
938,2
939,11
940,1
941,10
942,1
943,3
944,1
945,2
946,2
947,2
948,1
949,1
950,48
951,2
952,2
953,17
954,3
955,1
956,2
957,2
958,1
959,1
960,2
961,2
962,1
963,1
964,17
965,2
966,6
967,2
968,1
969,1
970,1
971,2
972,1
973,2
974,9
975,2
976,4
977,1
978,2
979,1
980,1
981,14
982,1
983,9
984,7
985,2
986,100
987,8
988,2
989,1
990,3
991,8
992,3
993,2
994,3
995,1
996,2
997,1
998,2
999,5
1000,1
1001,14
1002,2
1003,1
1004,3
1005,1
1006,2
1007,4
1008,3
1009,3
1010,2
1011,6
1012,1
1013,3
1014,1
1015,4
1016,2
1017,2
1018,1
1019,3
1020,15
1021,56
1022,3
1023,1
1024,3
